4.166666666666666934e-04 2.400002400002400164e-03 1.003801003801003899e+00
8.333333333333333868e-04 4.900004900004899938e-03 1.002001002001001950e+00
1.250000000000000026e-03 7.400007400007399712e-03 9.997009997009996818e-01
1.666666666666666774e-03 9.900009900009899486e-03 9.963009963009963332e-01
2.083333333333333304e-03 1.240001240001240013e-02 9.939009939009939565e-01
2.500000000000000052e-03 1.490001490001490077e-02 9.912009912009912549e-01
2.916666666666666800e-03 1.740001740001740141e-02 9.894009894009894168e-01
3.333333333333333547e-03 1.990001990001990032e-02 9.867009867009867152e-01
3.749999999999999861e-03 2.240002240002239922e-02 9.836009836009835805e-01
4.166666666666666609e-03 2.490002490002490160e-02 9.808009808009807706e-01
4.583333333333333356e-03 2.740002740002740050e-02 9.786009786009786104e-01
5.000000000000000104e-03 2.990002990002989941e-02 9.762009762009762337e-01
5.416666666666666852e-03 3.240003240003239832e-02 9.745009745009745039e-01
5.833333333333333599e-03 3.490003490003489722e-02 9.716009716009715858e-01
6.249999999999999480e-03 3.740003740003740307e-02 9.682009682009682372e-01
6.666666666666667095e-03 3.990003990003990197e-02 9.669009669009669405e-01
7.083333333333333842e-03 4.250004250004250222e-02 9.632009632009631561e-01
7.499999999999999722e-03 4.500004500004500113e-02 9.606009606009605628e-01
7.916666666666667337e-03 4.750004750004750004e-02 9.586009586009586192e-01
8.333333333333333218e-03 5.000005000004999894e-02 9.562009562009562424e-01
8.749999999999999098e-03 5.250005250005249785e-02 9.534009534009534326e-01
9.166666666666666713e-03 5.500005500005499676e-02 9.512009512009511614e-01
9.583333333333334328e-03 5.750005750005750260e-02 9.482009482009482459e-01
1.000000000000000021e-02 6.000006000006000151e-02 9.463009463009462996e-01
1.041666666666666609e-02 6.250006250006250041e-02 9.435009435009434897e-01
1.083333333333333370e-02 6.500006500006499932e-02 9.409009409009408964e-01
1.125000000000000132e-02 6.750006750006749823e-02 9.388009388009388445e-01
1.166666666666666720e-02 7.010007010007010542e-02 9.373009373009373313e-01
1.208333333333333308e-02 7.260007260007260432e-02 9.352009352009351684e-01
1.249999999999999896e-02 7.520007520007519763e-02 9.311009311009310618e-01
1.291666666666666657e-02 7.760007760007760214e-02 9.283009283009282520e-01
1.333333333333333419e-02 8.020008020008019545e-02 9.258009258009257669e-01
1.375000000000000007e-02 8.270008270008269435e-02 9.240009240009240399e-01
1.416666666666666768e-02 8.520008520008519326e-02 9.216009216009215521e-01
1.458333333333333183e-02 8.780008780008780045e-02 9.186009186009186367e-01
1.499999999999999944e-02 9.020009020009020495e-02 9.157009157009157185e-01
1.541666666666666706e-02 9.280009280009279826e-02 9.140009140009139887e-01
1.583333333333333467e-02 9.530009530009529717e-02 9.108009108009107457e-01
1.625000000000000056e-02 9.780009780009779607e-02 9.082009082009081524e-01
1.666666666666666644e-02 1.004001004001004033e-01 9.084009084009083690e-01
1.708333333333333232e-02 1.029001029001029022e-01 9.039009039009039403e-01
1.749999999999999820e-02 1.055001055001054955e-01 9.009009009009009139e-01
1.791666666666666755e-02 1.079001079001079000e-01 8.987008987008987537e-01
1.833333333333333343e-02 1.105001105001104933e-01 8.963008963008962660e-01
1.874999999999999931e-02 1.131001131001131005e-01 8.929008929008929174e-01
1.916666666666666866e-02 1.156001156001155994e-01 8.927008927008927008e-01
1.958333333333333107e-02 1.181001181001180983e-01 8.899008899008898910e-01
2.000000000000000042e-02 1.206001206001205972e-01 8.862008862008862176e-01
2.041666666666666630e-02 1.232001232001232044e-01 8.833008833008832994e-01
2.083333333333333218e-02 1.257001257001257033e-01 8.840008840008839464e-01
2.125000000000000153e-02 1.283001283001282966e-01 8.804008804008803812e-01
2.166666666666666741e-02 1.308001308001308094e-01 8.769008769008769244e-01
2.208333333333333329e-02 1.334001334001334027e-01 8.737008737008736814e-01
2.250000000000000264e-02 1.359001359001358877e-01 8.720008720008719516e-01
2.291666666666666852e-02 1.384001384001384005e-01 8.696008696008695749e-01
2.333333333333333440e-02 1.410001410001409938e-01 8.666008666008665484e-01
2.374999999999999681e-02 1.435001435001435066e-01 8.643008643008642800e-01
2.416666666666666616e-02 1.461001461001460999e-01 8.614008614008613618e-01
2.458333333333333204e-02 1.486001486001486127e-01 8.585008585008585547e-01
2.499999999999999792e-02 1.511001511001510977e-01 8.566008566008566083e-01
2.541666666666666727e-02 1.538001538001537993e-01 8.552008552008552034e-01
2.583333333333333315e-02 1.563001563001563121e-01 8.516008516008516382e-01
2.624999999999999903e-02 1.589001589001589054e-01 8.484008484008483952e-01
2.666666666666666838e-02 1.614001614001613905e-01 8.471008471008470986e-01
2.708333333333333426e-02 1.640001640001640115e-01 8.456008456008455854e-01
2.750000000000000014e-02 1.665001665001664966e-01 8.427008427008426672e-01
2.791666666666666949e-02 1.691001691001690899e-01 8.396008396008396435e-01
2.833333333333333537e-02 1.717001717001717109e-01 8.374008374008373723e-01
2.874999999999999778e-02 1.740001740001740071e-01 8.357008357008357535e-01
2.916666666666666366e-02 1.768001768001767893e-01 8.336008336008335906e-01
2.958333333333333301e-02 1.794001794001794103e-01 8.285008285008285123e-01
2.999999999999999889e-02 1.817001817001817066e-01 8.262008262008262438e-01
3.041666666666666477e-02 1.844001844001844082e-01 8.264008264008263493e-01
3.083333333333333412e-02 1.870001870001870015e-01 8.231008231008231091e-01
3.125000000000000000e-02 1.896001896001895948e-01 8.187008187008186777e-01
3.166666666666666935e-02 1.921001921001921076e-01 8.169008169008169506e-01
3.208333333333333176e-02 1.946001946001945926e-01 8.141008141008141408e-01
3.250000000000000111e-02 1.972001972001972137e-01 8.130008130008129497e-01
3.291666666666667046e-02 1.998001998001998070e-01 8.095008095008094928e-01
3.333333333333333287e-02 2.023002023002022920e-01 8.067008067008066829e-01
3.375000000000000222e-02 2.049002049002049131e-01 8.064008064008063581e-01
3.416666666666666463e-02 2.075002075002075064e-01 8.031008031008031178e-01
3.458333333333333398e-02 2.101002101002100997e-01 7.997007997007996583e-01
3.499999999999999639e-02 2.126002126002126125e-01 7.971007971007970649e-01
3.541666666666666574e-02 2.153002153002153141e-01 7.952007952007952296e-01
3.583333333333333509e-02 2.178002178002177991e-01 7.930007930007929584e-01
3.624999999999999750e-02 2.204002204002203924e-01 7.917007917007916618e-01
3.666666666666666685e-02 2.229002229002229052e-01 7.874007874007874497e-01
3.708333333333333620e-02 2.255002255002254985e-01 7.866007866007865834e-01
3.749999999999999861e-02 2.281002281002280918e-01 7.823007823007822603e-01
3.791666666666666796e-02 2.307002307002307129e-01 7.831007831007831266e-01
3.833333333333333731e-02 2.334002334002333867e-01 7.784007784007783703e-01
3.874999999999999972e-02 2.359002359002358995e-01 7.766007766007766433e-01
3.916666666666666213e-02 2.385002385002384928e-01 7.742007742007741555e-01
3.958333333333333148e-02 2.411002411002411139e-01 7.722007722007722119e-01
4.000000000000000083e-02 2.435002435002434906e-01 7.691007691007690772e-01
4.041666666666666324e-02 2.462002462002461922e-01 7.660007660007660535e-01
4.083333333333333259e-02 2.488002488002488133e-01 7.629007629007629188e-01
4.125000000000000194e-02 2.514002514002514066e-01 7.614007614007614055e-01
4.166666666666666435e-02 2.539002539002538916e-01 7.593007593007593536e-01
4.208333333333333370e-02 2.566002566002565932e-01 7.574007574007574073e-01
4.250000000000000305e-02 2.592002592002591865e-01 7.557007557007556775e-01
4.291666666666666546e-02 2.616002616002616188e-01 7.516007516007515710e-01
4.333333333333333481e-02 2.643002643002643204e-01 7.491007491007490859e-01
4.375000000000000416e-02 2.669002669002669137e-01 7.472007472007472506e-01
4.416666666666666657e-02 2.695002695002695070e-01 7.453007453007453043e-01
4.458333333333333592e-02 2.719002719002718838e-01 7.425007425007424944e-01
4.500000000000000527e-02 2.748002748002748019e-01 7.394007394007393597e-01
4.541666666666666768e-02 2.774002774002773952e-01 7.383007383007382796e-01
4.583333333333333703e-02 2.799002799002798803e-01 7.395007395007394679e-01
4.625000000000000638e-02 2.826002826002825818e-01 7.339007339007338482e-01
4.666666666666666879e-02 2.851002851002851224e-01 7.298007298007298527e-01
4.708333333333333121e-02 2.875002875002874991e-01 7.269007269007269345e-01
4.749999999999999362e-02 2.904002904002904173e-01 7.252007252007252047e-01
4.791666666666666297e-02 2.929002929002929023e-01 7.241007241007241246e-01
4.833333333333333232e-02 2.954002954002953873e-01 7.201007201007201264e-01
4.874999999999999473e-02 2.981002981002980889e-01 7.198007198007198015e-01
4.916666666666666408e-02 3.007003007003006823e-01 7.159007159007159116e-01
4.958333333333333343e-02 3.034003034003033838e-01 7.155007155007154784e-01
4.999999999999999584e-02 3.058003058003058161e-01 7.100007100007099670e-01
5.041666666666666519e-02 3.082003082003081929e-01 7.124007124007124547e-01
5.083333333333333454e-02 3.112003112003112193e-01 7.066007066007066184e-01
5.124999999999999695e-02 3.137003137003137043e-01 7.051007051007051052e-01
5.166666666666666630e-02 3.163003163003162976e-01 7.010007010007009987e-01
5.208333333333333565e-02 3.190003190003189992e-01 7.012007012007012152e-01
5.249999999999999806e-02 3.214003214003213760e-01 6.953006953006952706e-01
5.291666666666666741e-02 3.240003240003240248e-01 6.964006964006963507e-01
5.333333333333333676e-02 3.269003269003268874e-01 6.911006911006910558e-01
5.374999999999999917e-02 3.294003294003294280e-01 6.890006890006890039e-01
5.416666666666666852e-02 3.319003319003319130e-01 6.872006872006871658e-01
5.458333333333333787e-02 3.347003347003347229e-01 6.833006833006832759e-01
5.500000000000000028e-02 3.372003372003372079e-01 6.845006845006844642e-01
5.541666666666666963e-02 3.399003399003399095e-01 6.792006792006791693e-01
5.583333333333333898e-02 3.424003424003423945e-01 6.763006763006762512e-01
5.625000000000000139e-02 3.452003452003452044e-01 6.750006750006749545e-01
5.666666666666667074e-02 3.477003477003476895e-01 6.724006724006723612e-01
5.708333333333334009e-02 3.502003502003501745e-01 6.698006698006697679e-01
5.749999999999999556e-02 3.530003530003529844e-01 6.708006708006708507e-01
5.791666666666666491e-02 3.557003557003556860e-01 6.654006654006654475e-01
5.833333333333332732e-02 3.581003581003581182e-01 6.633006633006632846e-01
5.874999999999999667e-02 3.608003608003608198e-01 6.613006613006613410e-01
5.916666666666666602e-02 3.634003634003634131e-01 6.601006601006601526e-01
5.958333333333332843e-02 3.661003661003661147e-01 6.577006577006576649e-01
5.999999999999999778e-02 3.688003688003688163e-01 6.528006528006528031e-01
6.041666666666666713e-02 3.713003713003713013e-01 6.512006512006511816e-01
6.083333333333332954e-02 3.741003741003741112e-01 6.479006479006479413e-01
6.124999999999999889e-02 3.767003767003767045e-01 6.495006495006494518e-01
6.166666666666666824e-02 3.794003794003794061e-01 6.486006486006485883e-01
6.208333333333333065e-02 3.819003819003818911e-01 6.434006434006434016e-01
6.250000000000000000e-02 3.847003847003847010e-01 6.386006386006386482e-01
6.291666666666666241e-02 3.871003871003870778e-01 6.367006367006367018e-01
6.333333333333333870e-02 3.899003899003898876e-01 6.368006368006368101e-01
6.375000000000000111e-02 6.336006336006335671e-01 6.358006358006358383e-01
6.416666666666666352e-02 6.360006360006360548e-01 6.407006407006407001e-01
6.458333333333333981e-02 6.361006361006360521e-01 6.370006370006370267e-01
6.500000000000000222e-02 6.362006362006361604e-01 6.374006374006373488e-01
6.541666666666666463e-02 6.366006366006365935e-01 6.376006376006375653e-01
6.583333333333334092e-02 6.371006371006371349e-01 6.397006397006397282e-01
6.625000000000000333e-02 6.375006375006374570e-01 6.384006384006384316e-01
6.666666666666666574e-02 6.362006362006361604e-01 6.385006385006385399e-01
6.708333333333334203e-02 6.374006374006373488e-01 6.394006394006394034e-01
6.750000000000000444e-02 6.403006403006402669e-01 6.408006408006408083e-01
6.791666666666666685e-02 6.414006414006413470e-01 6.418006418006417801e-01
6.833333333333332926e-02 6.416006416006415636e-01 6.431006431006430768e-01
6.874999999999999167e-02 6.441006441006440486e-01 6.452006452006452397e-01
6.916666666666666796e-02 6.453006453006453480e-01 6.460006460006459950e-01
6.958333333333333037e-02 6.467006467006467529e-01 6.475006475006475082e-01
6.999999999999999278e-02 6.481006481006480469e-01 6.483006483006482634e-01
7.041666666666666907e-02 6.488006488006488048e-01 6.497006497006496684e-01
7.083333333333333148e-02 6.502006502006502098e-01 6.519006519006519396e-01
7.124999999999999389e-02 6.509006509006508567e-01 6.516006516006516147e-01
7.166666666666667018e-02 6.522006522006521534e-01 6.527006527006526948e-01
7.208333333333333259e-02 6.526006526006525865e-01 6.532006532006532362e-01
7.249999999999999500e-02 6.533006533006533445e-01 6.537006537006536666e-01
7.291666666666667129e-02 6.540006540006539915e-01 6.543006543006543163e-01
7.333333333333333370e-02 6.542006542006542080e-01 6.547006547006547494e-01
7.374999999999999611e-02 6.550006550006549633e-01 6.556006556006556130e-01
7.416666666666667240e-02 6.556006556006556130e-01 6.559006559006559378e-01
7.458333333333333481e-02 6.558006558006558295e-01 6.564006564006563682e-01
7.499999999999999722e-02 6.572006572006572345e-01 6.575006575006574483e-01
7.541666666666667351e-02 6.578006578006577731e-01 6.584006584006584228e-01
7.583333333333333592e-02 6.590006590006589615e-01 6.591006591006590698e-01
7.624999999999999833e-02 6.596006596006596112e-01 6.597006597006597195e-01
7.666666666666667462e-02 6.593006593006592864e-01 6.599006599006599361e-01
7.708333333333333703e-02 6.597006597006597195e-01 6.602006602006601499e-01
7.749999999999999944e-02 6.603006603006602582e-01 6.605006605006604747e-01
7.791666666666667573e-02 6.611006611006611244e-01 6.615006615006614465e-01
7.833333333333332427e-02 6.623006623006623128e-01 6.629006629006628515e-01
7.875000000000000056e-02 6.643006643006642564e-01 6.650006650006650144e-01
7.916666666666666297e-02 6.657006657006656614e-01 6.660006660006659862e-01
7.958333333333332538e-02 6.672006672006671746e-01 6.674006674006673911e-01
8.000000000000000167e-02 6.682006682006681464e-01 6.683006683006682547e-01
8.041666666666666408e-02 6.690006690006690127e-01 6.691006691006691209e-01
8.083333333333332649e-02 6.697006697006696596e-01 6.699006699006698762e-01
8.125000000000000278e-02 6.707006707006707424e-01 6.709006709006708480e-01
8.166666666666666519e-02 6.720006720006720391e-01 6.721006721006721474e-01
8.208333333333332760e-02 6.732006732006732275e-01 6.735006735006735523e-01
8.250000000000000389e-02 6.740006740006739827e-01 6.741006741006740910e-01
8.291666666666666630e-02 6.742006742006741993e-01 6.743006743006743076e-01
8.333333333333332871e-02 6.739006739006738744e-01 6.740006740006739827e-01
