0.000000000000000000e+00 0.000000000000000000e+00 0.000000000000000000e+00
4.166666666666666934e-04 6.049666145163476449e-02 1.014490514737687832e+01
8.333333333333333868e-04 9.592398610884997345e-02 1.480587996573026288e+01
1.250000000000000026e-03 1.253909648782903230e-01 1.812619608420432726e+01
1.666666666666666774e-03 1.493195285964183938e-01 2.176737710895289979e+01
2.083333333333333304e-03 1.684063637281630332e-01 2.269930592041589534e+01
2.500000000000000052e-03 1.840279295345756683e-01 2.801302468433625492e+01
2.916666666666666800e-03 1.977146974192378337e-01 2.861687293010283994e+01
3.333333333333333547e-03 2.100871859296481459e-01 3.043377514134767026e+01
3.749999999999999861e-03 2.216926713340507948e-01 3.423799703401612504e+01
4.166666666666666609e-03 2.328920220764530979e-01 3.481824737020698990e+01
4.583333333333333356e-03 2.437218592964823238e-01 3.830007210722768463e+01
5.000000000000000104e-03 2.541681949635078430e-01 3.777973804820986459e+01
5.416666666666666852e-03 2.642676502171565911e-01 4.092804955222734975e+01
5.833333333333333599e-03 2.736140903954284997e-01 4.168087189902799850e+01
6.249999999999999480e-03 2.820890070010761974e-01 4.386343800651906122e+01
6.666666666666667095e-03 2.898109085313469446e-01 4.517982146849900005e+01
7.083333333333333842e-03 2.970900542599901883e-01 4.719267839026040434e+01
7.499999999999999722e-03 3.043099457400096908e-01 4.913866209946956332e+01
7.916666666666667337e-03 3.115890914686528790e-01 5.020076604921383989e+01
8.333333333333333218e-03 3.189274914459198640e-01 5.200677901672580106e+01
8.749999999999999098e-03 3.263025125628140621e-01 5.293203242546135101e+01
9.166666666666666713e-03 3.334857829032062959e-01 5.380221057021985587e+01
9.583333333333334328e-03 3.401304220537200163e-01 5.624776559613895444e+01
1.000000000000000021e-02 3.460952884081114345e-01 5.699696224504556596e+01
1.041666666666666609e-02 3.513071396871259022e-01 5.770406872117872155e+01
1.083333333333333370e-02 3.558844843880109021e-01 6.086711631422092950e+01
1.125000000000000132e-02 3.601881909547738347e-01 6.145722129022419722e+01
1.166666666666666720e-02 3.645877729097877773e-01 6.373341467134360983e+01
1.208333333333333308e-02 3.692243718592964630e-01 6.510782758526379155e+01
1.249999999999999896e-02 3.741485969735580119e-01 6.644519392917368350e+01
1.291666666666666657e-02 3.793011940039487939e-01 6.685791416523258590e+01
1.333333333333333419e-02 3.845356783919596788e-01 6.812064002489563563e+01
1.375000000000000007e-02 3.896742873917196093e-01 7.117132798234436564e+01
1.416666666666666768e-02 3.945758793969849076e-01 7.055042972699696691e+01
1.458333333333333183e-02 3.992857206257480196e-01 7.171987917972015225e+01
1.499999999999999944e-02 4.038264441870058619e-01 7.376901858485501862e+01
1.541666666666666706e-02 4.079976542258905714e-01 7.488442762395523289e+01
1.583333333333333467e-02 4.117400964937785734e-01 7.597269749260202332e+01
1.625000000000000056e-02 4.153500422337882969e-01 7.703480677607200278e+01
1.666666666666666644e-02 4.190784964710454474e-01 7.901005823186871169e+01
1.708333333333333232e-02 4.229394472361808210e-01 8.098530968766542060e+01
1.749999999999999820e-02 4.268962733895672046e-01 8.007327581201444389e+01
1.791666666666666755e-02 4.310674834284518586e-01 8.294199544140799674e+01
1.833333333333333343e-02 4.352979477159601984e-01 8.292428138488382672e+01
1.874999999999999931e-02 4.392181527297193688e-01 8.480892414363118803e+01
1.916666666666666866e-02 4.426729688328544521e-01 8.571063771833256340e+01
1.958333333333333107e-02 4.458767799108639407e-01 8.563212331731570259e+01
2.000000000000000042e-02 4.490439698492460496e-01 8.943718718434702453e+01
2.041666666666666630e-02 4.522111597876283251e-01 8.927604345847805689e+01
2.083333333333333218e-02 4.554149708656377582e-01 9.109800352905925536e+01
2.125000000000000153e-02 4.586780361922708771e-01 9.090432866123097710e+01
2.166666666666666741e-02 4.619044803792767828e-01 9.268676647811784619e+01
2.208333333333333329e-02 4.648206652925334081e-01 9.446920429500472949e+01
2.250000000000000264e-02 4.674632120716679662e-01 9.521889029708074759e+01
2.291666666666666852e-02 4.699732623229241901e-01 9.595265926358855779e+01
2.333333333333333440e-02 4.725425668228042664e-01 9.874551586363929800e+01
2.374999999999999681e-02 4.754361186270643636e-01 9.839728087146700375e+01
2.416666666666666616e-02 4.786033085654465835e-01 1.001235489569313586e+02
2.458333333333333204e-02 4.819848823893271295e-01 1.018498170423956850e+02
2.499999999999999792e-02 4.855355738807131671e-01 1.014448724022162054e+02
2.541666666666666727e-02 4.889537688442211483e-01 1.020853508119183317e+02
2.583333333333333315e-02 4.919884622547249786e-01 1.048263681489567603e+02
2.624999999999999903e-02 4.945351336456084712e-01 1.043695761856710362e+02
2.666666666666666838e-02 4.965797949862407745e-01 1.060262361251261467e+02
2.708333333333333426e-02 4.983960844107439003e-01 1.076828960645812288e+02
2.750000000000000014e-02 5.002489949748742948e-01 1.093395560040363250e+02
2.791666666666666949e-02 5.021019055390045782e-01 1.098884604241800673e+02
2.833333333333333537e-02 5.041099457400096684e-01 1.115285866991678176e+02
2.874999999999999778e-02 5.063689909661402977e-01 1.120504362104096856e+02
2.916666666666666366e-02 5.086872904408947793e-01 1.136743555757779376e+02
2.958333333333333301e-02 5.110422110552763630e-01 1.152982749411462038e+02
2.999999999999999889e-02 5.134930070579089012e-01 1.146562427252269600e+02
3.041666666666666477e-02 5.161581869460398764e-01 1.173861621791041614e+02
3.083333333333333412e-02 5.190743718592965017e-01 1.178411383564832704e+02
3.125000000000000000e-02 5.219905567725530160e-01 1.182873817186223988e+02
3.166666666666666935e-02 5.246557366606838801e-01 1.198645468082040395e+02
3.208333333333333176e-02 5.271065326633165293e-01 1.191546567634056828e+02
3.250000000000000111e-02 5.293655778894471586e-01 1.218494871258111800e+02
3.291666666666667046e-02 5.314328723390758791e-01 1.234116600376805621e+02
3.333333333333333287e-02 5.334775336797080714e-01 1.237970459879539646e+02
3.375000000000000222e-02 5.355814492689642270e-01 1.241752418481305824e+02
3.416666666666666463e-02 5.377079979672165777e-01 1.257082695252679656e+02
3.458333333333333398e-02 5.396201627799706024e-01 1.272412972024053914e+02
3.499999999999999639e-02 5.410669386821006510e-01 1.275841651941419599e+02
3.541666666666666574e-02 5.422627095591051605e-01 1.291030243035960439e+02
3.583333333333333509e-02 5.435177346847333002e-01 1.306218834130501136e+02
3.624999999999999750e-02 5.449278894472360246e-01 1.321407425225041550e+02
3.666666666666666685e-02 5.465297949862408800e-01 1.336596016319582532e+02
3.708333333333333620e-02 5.483827055503711634e-01 1.327251133174068514e+02
3.749999999999999861e-02 5.504499999999998838e-01 1.354455037125309218e+02
3.791666666666666796e-02 5.525172944496286043e-01 1.357077001335283342e+02
3.833333333333333731e-02 5.544660804020098421e-01 1.371989935415890898e+02
3.874999999999999972e-02 5.563189909661403476e-01 1.374430631571366632e+02
3.916666666666666213e-02 5.582311557788943723e-01 1.389209455566757754e+02
3.958333333333333148e-02 5.601433205916483971e-01 1.403988279562148875e+02
4.000000000000000083e-02 5.619003557675278371e-01 1.406122030208677245e+02
4.041666666666666324e-02 5.635981366947835358e-01 1.420769134690017381e+02
4.083333333333333259e-02 5.654510472589139303e-01 1.422735793997488543e+02
4.125000000000000194e-02 5.676142170967936051e-01 1.450063343652698222e+02
4.166666666666666435e-02 5.700283919597988191e-01 1.451771218364784204e+02
4.208333333333333370e-02 5.725384422110550986e-01 1.453449182626988829e+02
4.250000000000000305e-02 5.748567416858094692e-01 1.455098015362691797e+02
4.291666666666666546e-02 5.766730311103126505e-01 1.469363682179972841e+02
4.333333333333333481e-02 5.778688019873171600e-01 1.483629348997254169e+02
4.375000000000000416e-02 5.785625628140702581e-01 1.497895015814535782e+02
4.416666666666666657e-02 5.790645728643215584e-01 1.512160682631816826e+02
4.458333333333333592e-02 5.797583336910746565e-01 1.526426349449098154e+02
4.500000000000000527e-02 5.807623537915771461e-01 1.527432957452857067e+02
4.541666666666666768e-02 5.820766331658290271e-01 1.554957683083660527e+02
4.583333333333333703e-02 5.836785387048337714e-01 1.555718752961243467e+02
4.625000000000000638e-02 5.853396984924621460e-01 1.556466835209511714e+02
4.666666666666666879e-02 5.869049828918396772e-01 1.584004548469629583e+02
4.708333333333333121e-02 5.883517587939697258e-01 1.571105851068334402e+02
4.749999999999999362e-02 5.897026593078489309e-01 1.598533506431389810e+02
4.791666666666666297e-02 5.910169386821007009e-01 1.612555730172016126e+02
4.833333333333333232e-02 5.923678391959796841e-01 1.612816625875458385e+02
4.874999999999999473e-02 5.937187397098588892e-01 1.626720217477833046e+02
4.916666666666666408e-02 5.951288944723616137e-01 1.626860094054417232e+02
4.958333333333333343e-02 5.966349246231155146e-01 1.654527400682582368e+02
4.999999999999999584e-02 5.981409547738693044e-01 1.654433993953644517e+02
5.041666666666666519e-02 5.996469849246229833e-01 1.668220943903258444e+02
5.083333333333333454e-02 6.010571396871258187e-01 1.668014390526236923e+02
5.124999999999999695e-02 6.023121648127538474e-01 1.681686639628910882e+02
5.166666666666666630e-02 6.034120603015074025e-01 1.695358888731585125e+02
5.208333333333333565e-02 6.044160804020100031e-01 1.709031137834259084e+02
5.249999999999999806e-02 6.054201005025123816e-01 1.722703386936933327e+02
5.291666666666666741e-02 6.064241206030149822e-01 1.722049009729265663e+02
5.333333333333333676e-02 6.073322653152665174e-01 1.735608450750756049e+02
5.374999999999999917e-02 6.080852803906433568e-01 1.749167891772246151e+02
5.416666666666666852e-02 6.088749166056476314e-01 1.762727332793736252e+02
5.458333333333333787e-02 6.099748120944009644e-01 1.776286773815226638e+02
5.500000000000000028e-02 6.114442211055275411e-01 1.789846214836717024e+02
5.541666666666666963e-02 6.132012562814068701e-01 1.788647738722281986e+02
5.583333333333333898e-02 6.151500422337881080e-01 1.787468718515389128e+02
5.625000000000000139e-02 6.171214612951659850e-01 1.800808037310279985e+02
5.666666666666667074e-02 6.188418753314181009e-01 1.828993176437822115e+02
5.708333333333334009e-02 6.201335215966734538e-01 1.812772516623010688e+02
5.749999999999999556e-02 6.209824120603013586e-01 1.826004432802740212e+02
5.791666666666666491e-02 6.214478009709253348e-01 1.839236348982470304e+02
5.833333333333332732e-02 6.217354271356780870e-01 1.867504631284734558e+02
5.874999999999999667e-02 6.220230533004310614e-01 1.865700181341930204e+02
5.916666666666666602e-02 6.224884422110550375e-01 1.894183268874516841e+02
5.958333333333332843e-02 6.232414572864319879e-01 1.892164013701390388e+02
5.999999999999999778e-02 6.241862231383109583e-01 1.890177015206997453e+02
6.041666666666666713e-02 6.251536220991860127e-01 1.918627846060850288e+02
6.083333333333332954e-02 6.260617668114376588e-01 1.931859762240580096e+02
6.124999999999999889e-02 6.269472784146927768e-01 1.929555703023809770e+02
6.166666666666666824e-02 6.280471739034462209e-01 1.942681932296081015e+02
6.208333333333333065e-02 6.296124583028237520e-01 1.955808161568351693e+02
6.250000000000000000e-02 6.314287477273268223e-01 1.968934390840622370e+02
6.291666666666666241e-02 6.330899075149553079e-01 1.966354810308313290e+02
6.333333333333333870e-02 6.344408080288344021e-01 1.963815789473684390e+02
6.375000000000000111e-02 6.354448281293366696e-01 1.976735630193905990e+02
6.416666666666666352e-02 6.360060924282119332e-01 2.005421462168743574e+02
6.458333333333333981e-02 6.361978432047136200e-01 2.018443679455553763e+02
6.500000000000000222e-02 6.363303397325918986e-01 2.015495152354571076e+02
6.541666666666666463e-02 6.366405990063412901e-01 2.028414993074792392e+02
6.583333333333334092e-02 6.371059879169652662e-01 2.057510331315984047e+02
6.625000000000000333e-02 6.376446191068437797e-01 2.054254674515235877e+02
6.666666666666666574e-02 6.383383799335968778e-01 2.067174515235457193e+02
6.708333333333334203e-02 6.393057788944720432e-01 2.080094355955679077e+02
6.750000000000000444e-02 6.404649286318493395e-01 2.093014196675900394e+02
6.791666666666666685e-02 6.416606995088538490e-01 2.089506992215255821e+02
6.833333333333332926e-02 6.429157246344818777e-01 2.102326053517189735e+02
6.874999999999999167e-02 6.442300040087337587e-01 2.115145114819123648e+02
6.916666666666666796e-02 6.455809045226128529e-01 2.127964176121057847e+02
6.958333333333333037e-02 6.469318050364921691e-01 2.124213605020531475e+02
6.999999999999999278e-02 6.482460844107438280e-01 2.136933446966762062e+02
7.041666666666666907e-02 6.495011095363719678e-01 2.149653288912992934e+02
7.083333333333333148e-02 6.506010050251255228e-01 2.145764940147152515e+02
7.124999999999999389e-02 6.515091497373770579e-01 2.175092972805454110e+02
7.166666666666667018e-02 6.522621648127538974e-01 2.171009233560648397e+02
7.208333333333333259e-02 6.529559256395071065e-01 2.183631380267396196e+02
7.249999999999999500e-02 6.536130653266332136e-01 2.196253526974143995e+02
7.291666666666667129e-02 6.541743296255081441e-01 2.208875673680892362e+02
7.333333333333333370e-02 6.546170854271354811e-01 2.221497820387640161e+02
7.374999999999999611e-02 6.550598412287631511e-01 2.217091509750663647e+02
7.416666666666667240e-02 6.556211055276381927e-01 2.246742113801136611e+02
7.458333333333333481e-02 6.563741206030151432e-01 2.259364260507884410e+02
7.499999999999999722e-02 6.573188864548938914e-01 2.254669331949827438e+02
7.541666666666667351e-02 6.582862854157691679e-01 2.267195272682882319e+02
7.583333333333333592e-02 6.590985547397696376e-01 2.279721213415936631e+02
7.624999999999999833e-02 6.596371859296482620e-01 2.274907811943937190e+02
7.666666666666667462e-02 6.598881909547738012e-01 2.304773094882046109e+02
7.708333333333333703e-02 6.600433205916483859e-01 2.317299035615100422e+02
7.749999999999999944e-02 6.604268221446524256e-01 2.329824976348154735e+02
7.791666666666667573e-02 6.612757126082801085e-01 2.324632572860744801e+02
7.833333333333332427e-02 6.626492462311557308e-01 2.354876857814264213e+02
7.875000000000000056e-02 6.643104060187841053e-01 2.349494953319148749e+02
7.916666666666666297e-02 6.659123115577888496e-01 2.344193858686666658e+02
7.958333333333332538e-02 6.672265909320406196e-01 2.356531721100806749e+02
8.000000000000000167e-02 6.682306110325431092e-01 2.368869583514947408e+02
8.041666666666666408e-02 6.690202472475472728e-01 2.381207445929087498e+02
8.083333333333332649e-02 6.697732623229242233e-01 2.393545308343227873e+02
8.125000000000000278e-02 6.707772824234268239e-01 2.405883170757368532e+02
8.166666666666666519e-02 6.720323075490548526e-01 2.400201394845783511e+02
8.208333333333332760e-02 6.732507115350557791e-01 2.412447320329690399e+02
8.250000000000000389e-02 6.740629808590563599e-01 2.424693245813597571e+02
8.291666666666666630e-02 6.742547316355583797e-01 2.418914366522537591e+02
8.333333333333332871e-02 6.739444723618089883e-01 2.449185096781411914e+02
