# hist, gauss, lorentz, allen
4.583600448011694652e+02 4.605893351172628627e+02 4.578926688493525035e+02 4.621812015917884651e+02
4.529840122646438090e+02 4.551852663834590089e+02 4.525616258583993385e+02 4.386801424145641590e+02
4.440820778267731157e+02 4.462367394765146855e+02 4.437318824987939934e+02 4.290478598933034959e+02
4.317559591578259415e+02 4.338458246572586177e+02 4.315010074842287509e+02 4.190515510353088189e+02
4.161755991340374408e+02 4.181832296954203230e+02 4.160332631430638344e+02 3.941512227529065058e+02
3.976018907574509740e+02 3.995112233293414761e+02 3.975825724790268509e+02 3.741128013204929630e+02
3.764069042730743604e+02 3.782040145840713876e+02 3.765131920596337523e+02 3.565974594564545441e+02
3.530835587095933761e+02 3.547574670700414003e+02 3.533100612089526180e+02 3.401780982427025037e+02
3.282368985298402322e+02 3.297802635942496750e+02 3.285709321077893605e+02 3.081316840472949252e+02
3.025528239288478858e+02 3.039623651892320595e+02 3.029759710156408801e+02 2.898461343094017479e+02
2.767467658511420723e+02 2.780233034378982211e+02 2.772371001846789227e+02 2.639702731897745593e+02
2.515018629968669757e+02 2.526499517369252032e+02 2.520364444566137649e+02 2.368227452124125421e+02
2.274103015523948272e+02 2.284375325644553243e+02 2.279674725986528756e+02 2.089985422759384903e+02
2.049304966568534212e+02 2.058466073148788951e+02 2.054915995198923042e+02 1.901522798748747221e+02
1.843673173190869647e+02 1.851832683931886550e+02 1.849176488085504673e+02 1.754027816976256986e+02
1.658754173599135697e+02 1.666025682589467465e+02 1.664044519086363323e+02 1.579491650364692532e+02
1.494800779900164684e+02 1.501295382747872509e+02 1.499811380394437776e+02 1.426922664739008439e+02
1.351074896040530575e+02 1.356896709546566910e+02 1.355770956303366575e+02 1.323706327772173665e+02
1.226169332016139890e+02 1.231412861764768252e+02 1.230540415324542352e+02 1.215527459485830519e+02
1.118295855336586726e+02 1.123044842490660500e+02 1.122348594318243187e+02 1.111323679801924982e+02
1.025512892748814551e+02 1.029840215046705083e+02 1.029264819540212699e+02 1.018474679553842606e+02
9.458872376189211195e+01 9.498554801139896142e+01 9.493620007433460728e+01 9.240333216003740802e+01
8.775968937561228245e+01 8.812592878006167041e+01 8.808208077824048132e+01 8.825364891152415225e+01
8.189876990089271658e+01 8.223892167807125020e+01 8.219874184393370342e+01 8.480678071175857724e+01
7.685970210872751807e+01 7.717754889347716585e+01 7.713980856462598013e+01 7.930902596574902930e+01
7.251559562770214029e+01 7.281431073005836652e+01 7.277819701583150902e+01 7.603477640500145185e+01
6.875787598465360873e+01 6.904011853562309398e+01 6.900510077661431296e+01 7.232230120357424141e+01
6.549456309029194756e+01 6.576256153721207909e+01 6.572829792126267989e+01 6.877462517561809818e+01
6.264828560617115727e+01 6.290390950035059348e+01 6.287018283248571038e+01 6.613997095228796752e+01
6.015427590713397166e+01 6.039909673223110076e+01 6.036577090527454459e+01 6.369983578232996990e+01
5.795848349539767241e+01 5.819382566707653126e+01 5.816081656178389636e+01 6.264700264271126429e+01
5.601587517736357569e+01 5.624285847337662148e+01 5.621011475852458261e+01 6.127005574724940828e+01
5.428894715215404432e+01 5.450852181658336804e+01 5.447601244670455145e+01 5.888865398133238926e+01
5.274644874859261279e+01 5.295942442257260296e+01 5.292713060919970047e+01 5.663728103412729808e+01
5.136230365881873183e+01 5.156937316391588411e+01 5.153728329877345260e+01 5.581194655349717948e+01
5.011470788393116038e+01 5.031646674784133921e+01 5.028457325073661366e+01 5.354551355372294807e+01
4.898538138955395027e+01 4.918234387073854208e+01 4.915064127682705220e+01 5.263469649270921735e+01
4.795895081378380809e+01 4.815156305939979831e+01 4.812004689365437571e+01 5.188688727080216267e+01
4.702244228926148395e+01 4.721109315253402627e+01 4.717975929627525744e+01 5.086003013578426390e+01
4.616486579173002980e+01 4.634989574161581771e+01 4.631874010057503455e+01 5.091356663339409039e+01
4.537687495947624683e+01 4.555858343654472975e+01 4.552760178892366838e+01 4.983497041320615750e+01
4.465048878339956673e+01 4.482914029004114553e+01 4.479832823810226472e+01 4.918176971857201352e+01
4.397886381107790044e+01 4.415469296985268954e+01 4.412404594772705479e+01 4.871758998531310425e+01
4.335610748185975183e+01 4.352932325137259539e+01 4.349883656043732572e+01 4.825653018945187256e+01
4.277712490141270507e+01 4.294791410297115419e+01 4.291758295795806077e+01 4.740976108017437696e+01
4.223749278677504293e+01 4.240602306583721770e+01 4.237584264220203778e+01 4.755806929077696310e+01
4.173335549317555149e+01 4.189977781598591378e+01 4.186974329358331914e+01 4.677870165383549050e+01
4.126133900307218028e+01 4.142578976987036299e+01 4.139589637068070971e+01 4.563426492045920213e+01
4.081847954777673948e+01 4.098108238866101516e+01 4.095132540788004150e+01 4.507648303988896998e+01
4.040216417229121504e+01 4.056303147951143728e+01 4.053340631017078977e+01 4.347667019483206730e+01
4.001008107091976740e+01 4.016931531146592960e+01 4.013981746318254551e+01 4.335849228431498403e+01
3.964017793749849261e+01 3.979787278187049537e+01 3.976849789450140094e+01 4.338860488743701893e+01
3.929062690878399877e+01 3.944686820538718308e+01 3.941761205839796389e+01 4.361393956204312161e+01
3.895979494846113766e+01 3.911466156786541859e+01 3.908552008617876794e+01 4.306755273065722633e+01
3.864621873530830953e+01 3.879978330438994050e+01 3.877075256139936243e+01 4.255613221301653937e+01
3.834858329278772970e+01 3.850091283534561626e+01 3.847198905368728816e+01 4.177025295614505751e+01
3.806570373717333666e+01 3.821686023481883154e+01 3.818803978540187671e+01 4.214587032209196593e+01
3.779650963406943021e+01 3.794655051890805453e+01 3.791782991861748542e+01 4.196033221283286707e+01
3.754003154424900401e+01 3.768901013300257574e+01 3.766038604141291302e+01 4.216458775172500140e+01
3.729538941346881131e+01 3.744335529114848526e+01 3.741482450652075897e+01 4.282695941546376872e+01
3.706178252075842749e+01 3.720878188073114501e+01 3.718034133551238796e+01 4.292831419882607236e+01
3.683848074837642628e+01 3.698455669461713313e+01 3.695620345061305301e+01 4.257732775782893242e+01
3.662481697636416555e+01 3.677000979281400816e+01 3.674174103617117026e+01 4.199746309131827360e+01
3.642018043715518871e+01 3.656452782837882154e+01 3.653634086448059293e+01 4.200150376126898522e+01
3.622401089239944838e+01 3.636754819912763992e+01 3.633944044748391633e+01 4.232568650374511066e+01
3.603579351615476156e+01 3.617855390878727917e+01 3.615052289797893081e+01 4.249764470937326877e+01
3.585505438676288037e+01 3.599706903947843273e+01 3.596911240220163108e+01 4.178261412556393140e+01
3.568135650478529897e+01 3.582265475254271081e+01 3.579477022078546611e+01 4.152778448063618555e+01
3.551429626689063923e+01 3.565490574729761875e+01 3.562709114767184104e+01 4.071935064778075031e+01
3.535350033602414754e+01 3.549344711778969952e+01 3.546570036703427320e+01 4.018769006223399742e+01
3.519862285692344983e+01 3.533793155638744565e+01 3.531025065705136257e+01 3.925964280826025288e+01
3.504934297337334925e+01 3.518803686041619727e+01 3.516041989672736179e+01 3.899810626618857157e+01
3.490536260976040950e+01 3.504346370423341739e+01 3.501590883815366340e+01 3.896285481410491514e+01
3.476640448469662203e+01 3.490393364437254320e+01 3.487643911183860723e+01 3.875550567821877479e+01
3.463221032888945672e+01 3.476918732981257421e+01 3.474175143715905278e+01 3.867803355206688565e+01
3.450253928317984986e+01 3.463898289319006096e+01 3.461160401375030204e+01 3.856838672820432379e+01
3.437716645585668829e+01 3.451309450197223327e+01 3.448577107285101562e+01 3.816109078787366116e+01
3.425588162107913348e+01 3.439131105134249822e+01 3.436404157035487827e+01 3.823116488986486416e+01
3.413848804256517866e+01 3.427343498288981749e+01 3.424621800565861918e+01 3.811628001671785171e+01
3.402480140870638081e+01 3.415928121520131810e+01 3.413211535240682082e+01 3.798959754230137520e+01
3.391464886698728520e+01 3.404867617418453563e+01 3.402156008895883588e+01 3.782940054393708351e+01
3.380786814707226995e+01 3.394145691243564045e+01 3.391438931789497246e+01 3.765491446119380470e+01
3.370430676320401631e+01 3.383747030825884394e+01 3.381044996516677514e+01 3.696176091501218508e+01
3.360382128767028576e+01 3.373657233605660366e+01 3.370959805061096404e+01 3.653168708526199282e+01
3.350627668805871195e+01 3.363862740078055680e+01 3.361169802251798444e+01 3.543631028980013298e+01
3.341154572186128746e+01 3.354350772997580776e+01 3.351662214978738064e+01 3.417438156531878235e+01
3.331950838272029358e+01 3.345109281768730369e+01 3.342424996593878461e+01 3.405153342105469960e+01
3.323005139324906310e+01 3.336126891513837478e+01 3.333446775988995370e+01 3.373519258322528458e+01
3.314306773992049671e+01 3.327392856365660379e+01 3.324716810897588459e+01 3.235560394772880244e+01
3.305845624600802779e+01 3.318897016581334469e+01 3.316224945017663828e+01 3.170580451197599814e+01
3.297612117899576845e+01 3.310629759117889392e+01 3.307961568595617052e+01 3.142975878095182907e+01
3.289597188925549176e+01 3.302581981347724849e+01 3.299917582149503659e+01 3.092735913140285930e+01
3.281792247712279931e+01 3.294745057626039397e+01 3.292084363043925066e+01 3.076924481602347328e+01
3.274189148580248343e+01 3.287110808452121802e+01 3.284453734658288226e+01 3.041413525678039775e+01
3.266780161779491465e+01 3.279671471992698883e+01 3.277017937916737367e+01 3.001531576497388798e+01
3.259557947276796597e+01 3.272419677758932721e+01 3.269769604971386912e+01 3.008012967228765788e+01
3.252515530500614460e+01 3.265348422249407179e+01 3.262701734851159330e+01 2.957782242461480848e+01
3.245646279875195006e+01 3.258451046389907191e+01 3.255807670907083207e+01 2.884983770021703720e+01
3.238943885991853477e+01 3.251721214617224121e+01 3.249081079901338143e+01 2.860703311171860008e+01
3.232402342279797836e+01 3.245152895468894627e+01 3.242515932601924789e+01 2.824099297158561939e+01
