0.000000000000000000e+00 0.000000000000000000e+00 1.380138013801380126e+00
1.000805829038974547e-02 3.000300030003000273e-02 1.360136013601360050e+00
2.001611658077949094e-02 7.000700070007000175e-02 1.340134013401340196e+00
3.002417487116923467e-02 1.200120012001200109e-01 1.320132013201320120e+00
4.003223316155898187e-02 1.600160016001600238e-01 1.300130013001300044e+00
5.004029145194872907e-02 2.000200020002000090e-01 1.280128012801280191e+00
6.004834974233846934e-02 2.400240024002400219e-01 1.260126012601260115e+00
7.005640803272822348e-02 2.800280028002800070e-01 1.240124012401240039e+00
8.006446632311796374e-02 3.200320032003200477e-01 1.220122012201220185e+00
9.007252461350771788e-02 3.700370037003700152e-01 1.200120012001200109e+00
1.000805829038974581e-01 4.100410041004100559e-01 1.190119011901190182e+00
1.100886411942872123e-01 4.600460046004600234e-01 1.170117011701170107e+00
1.200966994846769387e-01 1.160116011601160180e+00 1.170117011701170107e+00
1.301047577750666928e-01 1.170117011701170107e+00 1.180118011801180034e+00
1.401128160654564470e-01 1.190119011901190182e+00 1.200120012001200109e+00
1.501208743558461733e-01 1.210121012101210036e+00 1.220122012201220185e+00
1.601289326462359275e-01 1.230123012301230112e+00 1.240124012401240039e+00
1.701369909366256816e-01 1.250125012501250188e+00 1.260126012601260115e+00
1.801450492270154358e-01 1.270127012701270042e+00 1.280128012801280191e+00
1.901531075174051622e-01 1.290129012901290118e+00 1.300130013001300044e+00
2.001611658077949163e-01 1.310131013101310193e+00 1.320132013201320120e+00
2.101692240978443871e-01 1.340134013401340196e+00 1.350135013501350123e+00
2.201772823878938301e-01 1.360136013601360050e+00 1.370137013701370199e+00
2.301853406779433286e-01 1.390139013901390053e+00 1.400140014001400202e+00
2.401933989679927439e-01 1.410141014101410128e+00 1.420142014201420055e+00
