0.000000000000000000e+00 0.000000000000000000e+00 0.000000000000000000e+00
1.000805829038974547e-02 5.891959798994974573e-01 3.363219725014386086e+01
2.001611658077949094e-02 7.713567839195979436e-01 5.137948048963345826e+01
3.002417487116923467e-02 8.806532663316583021e-01 6.750428178452554562e+01
4.003223316155898187e-02 9.680904522613065222e-01 8.187646255031128817e+01
5.004029145194872907e-02 1.026381909547738669e+00 9.653305085873604696e+01
6.004834974233846934e-02 1.055527638190954853e+00 1.126410414923884815e+02
7.005640803272822348e-02 1.077386934673366881e+00 1.287482550982069824e+02
8.006446632311796374e-02 1.106532663316582843e+00 1.432652180773612258e+02
9.007252461350771788e-02 1.128391959798994870e+00 1.580511073178103629e+02
1.000805829038974581e-01 1.142964824120602962e+00 1.733732744594138353e+02
1.100886411942872123e-01 1.150251256281407120e+00 1.895025181449237266e+02
1.200966994846769387e-01 1.164824120603014990e+00 2.041436649307696598e+02
1.301047577750666928e-01 1.172110552763819147e+00 2.197808216871673324e+02
1.401128160654564470e-01 1.193969849246231174e+00 2.323537533085486189e+02
1.501208743558461733e-01 1.215829145728643201e+00 2.444745894345547015e+02
1.601289326462359275e-01 1.230402010050251294e+00 2.576843048448841387e+02
1.701369909366256816e-01 1.259547738693467256e+00 2.674541279427459131e+02
1.801450492270154358e-01 1.274120603015075348e+00 2.799477511198131765e+02
1.901531075174051622e-01 1.295979899497487375e+00 2.905161978441565793e+02
2.001611658077949163e-01 1.317839195979899403e+00 3.007340421414198772e+02
2.101692240978443871e-01 1.346984924623115587e+00 3.089381745160703190e+02
2.201772823878938301e-01 1.368844221105527614e+00 3.184811042822244076e+02
2.301853406779433286e-01 1.390703517587939642e+00 3.277240395083043722e+02
2.401933989679927439e-01 1.412562814070351669e+00 3.366809073687958289e+02
