3.297249547185694496e+01
3.179297255148678758e+01
3.068786659929689264e+01
2.966510625668730228e+01
2.872880629242448691e+01
2.787965202123429975e+01
2.711550403138229370e+01
2.643209931461743167e+01
2.582374533193159749e+01
2.528393613613899404e+01
2.480585313670628977e+01
2.438274038893924356e+01
2.400816272981894883e+01
2.367616506904432683e+01
2.338135462497648120e+01
2.311892717261423513e+01
2.288465542572286893e+01
2.267485392410214473e+01
2.248633110407661917e+01
2.231633603240263497e+01
2.216250473416675959e+01
2.202280913431501475e+01
2.189551027281273221e+01
2.177911653246315637e+01
2.167234702669309954e+01
2.157409993867091558e+01
2.148342540908381793e+01
2.139950248245320807e+01
2.132161960134994771e+01
2.124915815685821840e+01
2.118157864381709388e+01
2.111840901897378231e+01
2.105923491196447372e+01
2.100369138880991216e+01
2.095145601316045969e+01
2.090224299091915228e+01
2.085579821889546537e+01
2.081189508806467003e+01
2.077033091726232783e+01
2.073092391430167325e+01
2.069351057910499847e+01
2.065794347804160225e+01
2.062408933072713069e+01
2.059182736049677587e+01
2.056104786796878514e+01
2.053165099388273518e+01
2.050354564297358806e+01
2.047664854524583689e+01
2.045088343481883086e+01
2.042618032966201724e+01
2.040247489815245174e+01
2.037970790055661752e+01
2.035782469534749239e+01
2.033677480177794550e+01
2.031651151139498523e+01
2.029699154224050872e+01
2.027817473037587703e+01
2.026002375412304346e+01
2.024250388704780335e+01
2.022558277625583756e+01
2.020923024302707560e+01
2.019341810320888086e+01
2.017812000512068593e+01
2.016331128301288445e+01
2.014896882436356762e+01
2.013507094951587106e+01
2.012159730233607746e+01
2.010852875073272727e+01
2.009584729601611386e+01
2.008353599019397251e+01
2.007157886040497274e+01
2.005996083978085309e+01
2.004866770410948007e+01
2.003768601373688085e+01
2.002700306021157317e+01
2.001660681722427881e+01
2.000648589544534772e+01
1.999662950090324287e+01
1.998702739658534711e+01
1.997766986697162039e+01
1.996854768524513446e+01
1.995965208294598270e+01
1.995097472185794274e+01
1.994250766793999929e+01
1.993424336713020750e+01
1.992617462286712993e+01
1.991829457518880275e+01
1.991059668128031390e+01
1.990307469735585499e+01
1.989572266176813642e+01
1.988853487925031516e+01
1.988150590620203673e+01
1.987463053694043325e+01
1.986790379084264657e+01
1.986132090031298603e+01
1.985487729951438851e+01
1.984856861380731630e+01
1.984239064984545919e+01
1.983633938628016935e+01
1.983041096503203704e+01
