# default
0.000000000000000000e+00 0.000000000000000000e+00
9.611759472375417529e-03 3.654508497187471949e-01
1.922351894475083506e-02 5.864057647468725598e-01
2.883527841712624912e-02 7.800861046343714467e-01
3.844703788950167012e-02 9.460410196624970958e-01
4.805879736187708418e-02 1.084860679774997783e+00
5.767055683425249824e-02 1.202725424859373282e+00
6.728231630662792617e-02 1.308090169943749270e+00
7.689407577900334023e-02 1.403680339887498185e+00
8.650583525137875429e-02 1.491180339887498763e+00
9.611759472375416835e-02 1.572499999999999565e+00
1.057293541961295824e-01 1.649999999999999467e+00
1.153411136685049965e-01 1.725590169943749030e+00
1.249528731408804244e-01 1.799045084971874431e+00
1.345646326132558523e-01 1.869045084971874715e+00
1.441763920856312386e-01 1.934635254915623825e+00
1.537881515580066805e-01 1.994635254915623879e+00
1.633999110303820668e-01 2.049045084971874431e+00
1.730116705027575086e-01 2.099999999999999645e+00
1.826234299751328949e-01 2.149999999999999467e+00
1.922351894475083367e-01 2.200000000000000178e+00
2.018469489195569289e-01 2.250000000000000000e+00
2.114587083916055488e-01 2.299999999999999822e+00
2.210704678636541964e-01 2.349999999999999645e+00
2.306822273357027886e-01 2.399045084971874964e+00
2.402939868077514085e-01 2.445590169943749004e+00
2.499057462801268226e-01 2.489045084971873933e+00
2.595175057525022089e-01 2.529045084971874857e+00
2.691292652248776784e-01 2.566545084971873614e+00
2.787410246972530370e-01 2.603454915028124539e+00
2.883527841696285066e-01 2.639999999999999680e+00
2.979645436420038651e-01 2.675590169943748542e+00
3.075763031143792792e-01 2.709045084971873685e+00
3.171880625867546932e-01 2.739045084971873933e+00
3.267998220591301628e-01 2.765590169943748400e+00
3.364115815315055769e-01 2.789999999999999147e+00
3.460233410038809909e-01 2.813454915028124503e+00
3.556351004762564050e-01 2.837499999999999467e+00
3.652468599486318190e-01 2.862499999999998934e+00
3.748586194210071776e-01 2.886545084971873898e+00
3.844703788933826472e-01 2.909045084971873862e+00
3.940821383657580612e-01 2.930954915028124219e+00
4.036938978381334753e-01 2.953454915028124184e+00
4.133056573105089448e-01 2.976545084971874644e+00
4.229174167828844144e-01 2.999045084971874164e+00
4.325291762552597730e-01 3.019999999999999574e+00
4.421409357276351870e-01 3.039045084971873756e+00
4.517526952000106011e-01 3.056545084971873827e+00
4.613644546723860151e-01 3.073454915028124290e+00
4.709762141447614847e-01 3.090954915028124361e+00
