1.000000000000000021e-02 5.633307926440289037e+01
2.000000000000000042e-02 5.674743585738143281e+01
2.999999999999999889e-02 5.712043921157276571e+01
4.000000000000000083e-02 5.782927236842981245e+01
5.000000000000000278e-02 5.883584998931733168e+01
5.999999999999999778e-02 6.053392984616620254e+01
7.000000000000000666e-02 6.227706930046181100e+01
8.000000000000000167e-02 6.352633532106887770e+01
8.999999999999999667e-02 6.409095439084740065e+01
1.000000000000000056e-01 6.427259316133159928e+01
1.100000000000000006e-01 6.419426645004682541e+01
1.199999999999999956e-01 6.372032355337160681e+01
1.300000000000000044e-01 6.300086768961669748e+01
1.400000000000000133e-01 6.193884020657474565e+01
1.499999999999999944e-01 6.085483255909154110e+01
1.600000000000000033e-01 5.982654205310800677e+01
1.700000000000000122e-01 5.870306567030516476e+01
1.799999999999999933e-01 5.770208818572900356e+01
1.900000000000000022e-01 5.680929447640333052e+01
2.000000000000000111e-01 5.601062806342999778e+01
2.099999999999999922e-01 5.533517447046457960e+01
2.200000000000000011e-01 5.479982564694923752e+01
2.300000000000000100e-01 5.440310370582522381e+01
2.399999999999999911e-01 5.415333383862967054e+01
2.500000000000000000e-01 5.395939330727468075e+01
2.600000000000000089e-01 5.383143907663676231e+01
2.700000000000000178e-01 5.382658810879136979e+01
2.800000000000000266e-01 5.395498677450561331e+01
2.899999999999999800e-01 5.414987217469278136e+01
2.999999999999999889e-01 5.439969414584972895e+01
3.099999999999999978e-01 5.472684139593555130e+01
3.200000000000000067e-01 5.507274629652781783e+01
3.300000000000000155e-01 5.540247855518411058e+01
3.400000000000000244e-01 5.576795759978971745e+01
3.499999999999999778e-01 5.623285252777589704e+01
3.599999999999999867e-01 5.671201036908107085e+01
3.699999999999999956e-01 5.721854051163340671e+01
3.800000000000000044e-01 5.770924208965091395e+01
3.900000000000000133e-01 5.822477990118334645e+01
4.000000000000000222e-01 5.880890312901392747e+01
4.099999999999999756e-01 5.940887462473845204e+01
4.199999999999999845e-01 5.994036956180850950e+01
4.299999999999999933e-01 6.061031931744189194e+01
4.400000000000000022e-01 6.131255748070987011e+01
4.500000000000000111e-01 6.200600232020212843e+01
4.600000000000000200e-01 6.266807046025765970e+01
4.699999999999999734e-01 6.340691733022337928e+01
4.799999999999999822e-01 6.414511052559717541e+01
4.899999999999999911e-01 6.492333698656301522e+01
5.000000000000000000e-01 6.564729208065301691e+01
5.100000000000000089e-01 6.633908792211713035e+01
5.200000000000000178e-01 6.718762560900454162e+01
5.300000000000000266e-01 6.792322831089778390e+01
5.400000000000000355e-01 6.865860564607874039e+01
5.500000000000000444e-01 6.943625256921399114e+01
5.600000000000000533e-01 7.034672229974177071e+01
5.699999999999999512e-01 7.116590012334539495e+01
5.799999999999999600e-01 7.196921817806271804e+01
5.899999999999999689e-01 7.275548180132732057e+01
5.999999999999999778e-01 7.361879687630410274e+01
6.099999999999999867e-01 7.450788034503243296e+01
6.199999999999999956e-01 7.538589598087979482e+01
6.300000000000000044e-01 7.624417166849194416e+01
6.400000000000000133e-01 7.712108385484077644e+01
6.500000000000000222e-01 7.799641412305443566e+01
6.600000000000000311e-01 7.882744362938190363e+01
6.700000000000000400e-01 7.973093361916450306e+01
6.800000000000000488e-01 8.069147223243307110e+01
6.899999999999999467e-01 8.171135504127066440e+01
6.999999999999999556e-01 8.265778399022789813e+01
7.099999999999999645e-01 8.361997798054223097e+01
7.199999999999999734e-01 8.461331444607924368e+01
7.299999999999999822e-01 8.574147348741185226e+01
7.399999999999999911e-01 8.691696981974976666e+01
7.500000000000000000e-01 8.806053708022555782e+01
7.600000000000000089e-01 8.915851975615883873e+01
7.700000000000000178e-01 9.031133782955275535e+01
7.800000000000000266e-01 9.147121924234086521e+01
7.900000000000000355e-01 9.256608448033932746e+01
8.000000000000000444e-01 9.377768329710251294e+01
8.100000000000000533e-01 9.501919472371292841e+01
8.199999999999999512e-01 9.621152111195249290e+01
8.299999999999999600e-01 9.734725719903897811e+01
8.399999999999999689e-01 9.852120977933937240e+01
8.499999999999999778e-01 9.967978938067126649e+01
8.599999999999999867e-01 1.010177798010999339e+02
8.699999999999999956e-01 1.023364633090591838e+02
8.800000000000000044e-01 1.036754770843775049e+02
8.900000000000000133e-01 1.050402597448513973e+02
9.000000000000000222e-01 1.063992131922085917e+02
9.100000000000000311e-01 1.077216113879158854e+02
9.200000000000000400e-01 1.090891265305643714e+02
9.300000000000000488e-01 1.105180909458222942e+02
9.399999999999999467e-01 1.119627685501075973e+02
9.499999999999999556e-01 1.134928585445943696e+02
9.599999999999999645e-01 1.149462542604708659e+02
9.699999999999999734e-01 1.164263303535277032e+02
9.799999999999999822e-01 1.179982125625419798e+02
9.899999999999999911e-01 1.196557743641279075e+02
1.000000000000000000e+00 1.213405409229151530e+02
