1.000000000000000021e-02 7.305158294547674735e+00
2.000000000000000042e-02 7.282573520584106674e+00
2.999999999999999889e-02 7.230564696267923530e+00
4.000000000000000083e-02 7.155750494320055388e+00
5.000000000000000278e-02 7.065017317186231161e+00
5.999999999999999778e-02 6.969635237975344566e+00
7.000000000000000666e-02 6.855575429234693985e+00
8.000000000000000167e-02 6.727181493966477355e+00
8.999999999999999667e-02 6.591301146385540655e+00
1.000000000000000056e-01 6.456973913419555622e+00
1.100000000000000006e-01 6.319912937826866361e+00
1.199999999999999956e-01 6.185716422396519754e+00
1.300000000000000044e-01 6.063787411056912546e+00
1.400000000000000133e-01 5.956365072082997258e+00
1.499999999999999944e-01 5.866472007266791522e+00
1.600000000000000033e-01 5.790623627331089374e+00
1.700000000000000122e-01 5.733173862533501364e+00
1.799999999999999933e-01 5.696223496221088922e+00
1.900000000000000022e-01 5.675105221660561305e+00
2.000000000000000111e-01 5.672918614474164123e+00
2.099999999999999922e-01 5.688456291474784265e+00
2.200000000000000011e-01 5.724907990288207849e+00
2.300000000000000100e-01 5.777624419580892123e+00
2.399999999999999911e-01 5.847253006395133568e+00
2.500000000000000000e-01 5.932893945980501016e+00
2.600000000000000089e-01 6.032289511869226573e+00
2.700000000000000178e-01 6.150272446538093796e+00
2.800000000000000266e-01 6.279961228965456499e+00
2.899999999999999800e-01 6.426935228616265761e+00
2.999999999999999889e-01 6.586009653383689155e+00
3.099999999999999978e-01 6.762506424004142147e+00
3.200000000000000067e-01 6.947784496781077124e+00
3.300000000000000155e-01 7.148277844017848714e+00
3.400000000000000244e-01 7.357409188341693884e+00
3.499999999999999778e-01 7.575674604070597340e+00
3.599999999999999867e-01 7.807747107351712401e+00
3.699999999999999956e-01 8.046987499978282443e+00
3.800000000000000044e-01 8.293983688242484220e+00
3.900000000000000133e-01 8.547194247884544183e+00
4.000000000000000222e-01 8.803821281160804091e+00
4.099999999999999756e-01 9.063627308731859955e+00
4.199999999999999845e-01 9.331853426955738939e+00
4.299999999999999933e-01 9.600458950014822079e+00
4.400000000000000022e-01 9.878877755891810608e+00
4.500000000000000111e-01 1.015993784725168858e+01
4.600000000000000200e-01 1.044207686569441229e+01
4.699999999999999734e-01 1.072694310143554297e+01
4.799999999999999822e-01 1.102089716515191498e+01
4.899999999999999911e-01 1.132088080409735831e+01
5.000000000000000000e-01 1.163594030989664851e+01
5.100000000000000089e-01 1.195417012503493659e+01
5.200000000000000178e-01 1.228145052011539207e+01
5.300000000000000266e-01 1.262477461707125848e+01
5.400000000000000355e-01 1.297834702587396372e+01
5.500000000000000444e-01 1.335605209740198696e+01
5.600000000000000533e-01 1.375368485559636511e+01
5.699999999999999512e-01 1.417086220272943109e+01
5.799999999999999600e-01 1.461738672339759226e+01
5.899999999999999689e-01 1.509321312156224515e+01
5.999999999999999778e-01 1.560356923525196038e+01
6.099999999999999867e-01 1.615849287759160546e+01
6.199999999999999956e-01 1.675162694896259907e+01
6.300000000000000044e-01 1.740368481583177029e+01
6.400000000000000133e-01 1.811027142523145272e+01
6.500000000000000222e-01 1.887724237235932989e+01
6.600000000000000311e-01 1.971682800563412030e+01
6.700000000000000400e-01 2.064304283711705068e+01
6.800000000000000488e-01 2.165373666126618701e+01
6.899999999999999467e-01 2.276988269057466496e+01
6.999999999999999556e-01 2.396408649484213527e+01
7.099999999999999645e-01 2.526350814986164295e+01
7.199999999999999734e-01 2.669839419316528506e+01
7.299999999999999822e-01 2.820904965701164002e+01
7.399999999999999911e-01 2.985403052077089825e+01
7.500000000000000000e-01 3.159426661894585919e+01
7.600000000000000089e-01 3.347217796817343327e+01
7.700000000000000178e-01 3.545997217421726333e+01
7.800000000000000266e-01 3.759237838971592538e+01
7.900000000000000355e-01 3.982567218967742662e+01
8.000000000000000444e-01 4.222402619745067653e+01
8.100000000000000533e-01 4.477377666221158137e+01
8.199999999999999512e-01 4.747109140673299521e+01
8.299999999999999600e-01 5.038660384479651100e+01
8.399999999999999689e-01 5.342751278557326344e+01
8.499999999999999778e-01 5.666110933205439437e+01
8.599999999999999867e-01 6.001835825137523273e+01
8.699999999999999956e-01 6.358165109967236361e+01
8.800000000000000044e-01 6.727211572833500952e+01
8.900000000000000133e-01 7.112078196701214949e+01
9.000000000000000222e-01 7.516805451656802006e+01
9.100000000000000311e-01 7.944944723541749454e+01
9.200000000000000400e-01 8.391360704734633202e+01
9.300000000000000488e-01 8.862999455973930196e+01
9.399999999999999467e-01 9.360873271012314945e+01
9.499999999999999556e-01 9.895570131157474236e+01
9.599999999999999645e-01 1.047745220708947755e+02
9.699999999999999734e-01 1.108582615258642647e+02
9.799999999999999822e-01 1.173022036590192556e+02
9.899999999999999911e-01 1.244403901703442159e+02
1.000000000000000000e+00 1.319470447397118562e+02
