# default, scipy, quadgk
0.000000000000000000e+00 0.000000000000000000e+00 0.000000000000000000e+00 0.000000000000000000e+00
1.000805829038974547e-02 4.591311896062459930e-01 4.656762745781206636e-01 4.591311896062464371e-01
2.001611658077949094e-02 7.354508497187473015e-01 7.435410196624963053e-01 7.344959346906221320e-01
3.002417487116923467e-02 9.772213595499954497e-01 9.837664445218701204e-01 9.737664445218701115e-01
4.003223316155898187e-02 1.184721359549995690e+00 1.188176274578120584e+00 1.178176274578120797e+00
5.004029145194872907e-02 1.358905764746872524e+00 1.359860679774997250e+00 1.349860679774997685e+00
6.004834974233846934e-02 1.506770509831248051e+00 1.507725424859373220e+00 1.496770509831247598e+00
7.005640803272822348e-02 1.637725424859373557e+00 1.641180339887498674e+00 1.628680339887498274e+00
8.006446632311796374e-02 1.755225424859373273e+00 1.761770509831248166e+00 1.747725424859372989e+00
9.007252461350771788e-02 1.863090169943749430e+00 1.873090169943749661e+00 1.856180339887498310e+00
1.000805829038974581e-01 1.964045084971874688e+00 1.976545084971874644e+00 1.956545084971873738e+00
1.100886411942872123e-01 2.060590169943749217e+00 2.072725424859372723e+00 2.051545084971873933e+00
1.200966994846769387e-01 2.154045084971873969e+00 2.163090169943748808e+00 2.144045084971874182e+00
1.301047577750666928e-01 2.244045084971874271e+00 2.248454915028125001e+00 2.234999999999999432e+00
1.401128160654564470e-01 2.329635254915624287e+00 2.329635254915623843e+00 2.323090169943748950e+00
1.501208743558461733e-01 2.410590169943749306e+00 2.408090169943748471e+00 2.407135254915623968e+00
1.601289326462359275e-01 2.486545084971874431e+00 2.483454915028125320e+00 2.485590169943748595e+00
1.701369909366256816e-01 2.559045084971874662e+00 2.558454915028125498e+00 2.559045084971874218e+00
1.801450492270154358e-01 2.629999999999999893e+00 2.635954915028125178e+00 2.629999999999999005e+00
1.901531075174051622e-01 2.700000000000000178e+00 2.712135254915623683e+00 2.699999999999999289e+00
2.001611658077949163e-01 2.769045084971874182e+00 2.782725424859374019e+00 2.769045084971874182e+00
2.101692240978443871e-01 2.835590169943749572e+00 2.845590169943749359e+00 2.835590169943749128e+00
2.201772823878938301e-01 2.899045084971874076e+00 2.901545084971875355e+00 2.899045084971874076e+00
2.301853406779433286e-01 2.960000000000000409e+00 2.954045084971874680e+00 2.959999999999999076e+00
2.401933989679927439e-01 3.019045084971874182e+00 3.005954915028126173e+00 3.019045084971873738e+00
2.502014572580422147e-01 3.074635254915623506e+00 3.057500000000000107e+00 3.074635254915623506e+00
2.602095155484319688e-01 3.125590169943749164e+00 3.108090169943749537e+00 3.124635254915623328e+00
2.702175738388217230e-01 3.172500000000000320e+00 3.156545084971874360e+00 3.169045084971873649e+00
2.802256321292115326e-01 3.216545084971874413e+00 3.204409830056250019e+00 3.209999999999999964e+00
2.902336904196012313e-01 3.258090169943749004e+00 3.254409830056250286e+00 3.249045084971873720e+00
3.002417487099909854e-01 3.297499999999999876e+00 3.305590169943749324e+00 3.287499999999998757e+00
3.102498070003806840e-01 3.335954915028124468e+00 3.354635254915623310e+00 3.326909830056250073e+00
3.202578652907704937e-01 3.373090169943748329e+00 3.395225424859373398e+00 3.366545084971873436e+00
3.302659235811601923e-01 3.408090169943748915e+00 3.423315594803122863e+00 3.404635254915623133e+00
3.402739818715500020e-01 3.440954915028124894e+00 3.441545084971874502e+00 3.439999999999999059e+00
3.502820401619397006e-01 3.473454915028124645e+00 3.457274575140625750e+00 3.473454915028123757e+00
3.602900984523295103e-01 3.505590169943748613e+00 3.478819660112500323e+00 3.505590169943748613e+00
3.702981567427192089e-01 3.535590169943748418e+00 3.509409830056249291e+00 3.534635254915623470e+00
3.803062150331089630e-01 3.562499999999999556e+00 3.545954915028124432e+00 3.559045084971874662e+00
3.903142733234986617e-01 3.585590169943748684e+00 3.582135254915622902e+00 3.579045084971874680e+00
4.003223316138884158e-01 3.605590169943749146e+00 3.614635254915623541e+00 3.596545084971873862e+00
4.103303899042781699e-01 3.624409830056250392e+00 3.642499999999999183e+00 3.614409830056249717e+00
4.203384481946679241e-01 3.643454915028124574e+00 3.665590169943747867e+00 3.634409830056250179e+00
4.303465064850576782e-01 3.662135254915623861e+00 3.682725424859373042e+00 3.655590169943748968e+00
4.403545647754474324e-01 3.679045084971874324e+00 3.692135254915623221e+00 3.675590169943748986e+00
4.503626230658371865e-01 3.692500000000000782e+00 3.694999999999998508e+00 3.691545084971874058e+00
4.603706813562269407e-01 3.702135254915623452e+00 3.694045084971874005e+00 3.702135254915623008e+00
4.703787396466166393e-01 3.707135254915623790e+00 3.692499999999998561e+00 3.707135254915623790e+00
4.803867979370064489e-01 3.706545084971874182e+00 3.692864745084374789e+00 3.706545084971874182e+00
4.903948562273961476e-01 3.702499999999999680e+00 3.696909830056249291e+00 3.702499999999999236e+00
