0.000000000000000000e+00 0.000000000000000000e+00 1.349013490134901350e+00
5.640185158217266362e-03 4.000040000400003661e-03 1.348013480134801378e+00
1.128037031643453272e-02 9.000090000900009754e-03 1.346013460134601436e+00
1.692055547465180082e-02 1.500015000150001568e-02 1.343013430134301300e+00
2.256074063286906545e-02 2.000020000200002090e-02 1.339013390133901416e+00
2.820092579108633354e-02 2.600026000260002509e-02 1.335013350133501309e+00
3.384111094930360164e-02 3.200032000320002928e-02 1.329013290132901259e+00
3.948129610752085933e-02 3.700037000370003798e-02 1.324013240132401403e+00
4.512148126573813089e-02 4.400044000440004460e-02 1.318013180131801354e+00
5.076166642395539552e-02 5.000050000500005226e-02 1.312013120131201305e+00
5.640185158217266709e-02 5.600056000560005298e-02 1.306013060130601255e+00
6.204203674038993171e-02 6.300063000630005960e-02 1.299012990129901235e+00
6.768222189860720328e-02 6.900069000690006726e-02 1.293012930129301186e+00
7.332240705682446791e-02 7.600076000760007389e-02 1.286012860128601387e+00
7.896259221504171866e-02 8.300083000830008051e-02 1.280012800128001338e+00
8.460277737325899716e-02 8.900089000890008817e-02 1.273012730127301317e+00
9.024296253147626179e-02 9.600096000960009479e-02 1.266012660126601297e+00
9.588314768969352642e-02 1.030010300103001014e-01 1.260012600126001248e+00
1.015233328479107910e-01 1.100011000110001080e-01 1.253012530125301227e+00
1.071635180061280695e-01 1.170011700117001147e-01 1.246012460124601207e+00
1.128037031643453342e-01 1.240012400124001213e-01 1.239012390123901186e+00
1.184438883223708217e-01 1.300013000130001428e-01 1.232012320123201166e+00
1.240840734803963230e-01 1.370013700137001356e-01 1.226012260122601116e+00
1.297242586384218244e-01 1.440014400144001561e-01 1.219012190121901318e+00
1.353644437964472980e-01 1.500015000150001498e-01 1.212012120121201297e+00
1.410046289544727993e-01 1.570015700157001703e-01 1.205012050120501277e+00
1.466448141126900917e-01 1.640016400164001631e-01 1.199011990119901228e+00
1.522849992709073563e-01 1.700017000170001569e-01 1.192011920119201207e+00
1.579251844291246210e-01 1.770017700177001774e-01 1.186011860118601158e+00
1.635653695873418856e-01 1.830018300183001712e-01 1.179011790117901137e+00
1.692055547455591502e-01 1.890018900189001927e-01 1.173011730117301088e+00
1.748457399037763871e-01 1.950019500195001865e-01 1.167011670116701261e+00
1.804859250619937072e-01 2.010020100201002080e-01 1.160011600116001240e+00
1.861261102202109441e-01 2.070020700207002018e-01 1.154011540115401191e+00
1.917662953784282365e-01 2.130021300213002233e-01 1.148011480114801142e+00
1.974064805366454733e-01 2.180021800218002181e-01 1.143011430114301064e+00
2.030466656948627657e-01 2.240022400224002119e-01 1.137011370113701236e+00
2.086868508530800304e-01 2.290022900229002345e-01 1.131011310113101187e+00
2.143270360112972672e-01 2.340023400234002293e-01 1.126011260112601109e+00
2.199672211695145319e-01 2.380023800238002252e-01 1.121011210112101031e+00
2.256074063277317965e-01 2.430024300243002477e-01 1.115011150111501204e+00
2.312475914859491166e-01 2.480024800248002426e-01 1.110011100111001126e+00
2.368877766441663535e-01 2.520025200252002384e-01 1.105011050110501047e+00
2.425279618023836181e-01 2.560025600256002343e-01 1.100011000110001191e+00
2.481681469606009105e-01 2.600026000260002856e-01 1.096010960109601085e+00
2.538083321188181474e-01 2.640026400264002815e-01 1.092010920109201200e+00
2.594485172770354398e-01 2.680026800268002773e-01 1.089010890108901064e+00
2.650887024352526766e-01 2.720027200272002732e-01 1.086010860108601150e+00
2.707288875934699690e-01 2.760027600276002691e-01 1.083010830108301015e+00
2.763690727516872059e-01 2.800028000280002649e-01 1.080010800108001101e+00
