1.303842224827558788e-06
-8.560368728370137815e-07
-2.471076572177998126e-06
-2.471076572160325630e-06
-8.453351016956284959e-07
-8.094435432549115100e-07
2.897488579432089262e-07
4.657003985477671526e-06
6.849297636652589873e-06
4.657003985469973691e-06
2.897488579547014692e-07
-8.094435432549115100e-07
-8.220081911737696454e-07
2.897488579466783731e-07
2.555590203044428438e-06
-4.859797161566644513e-06
-1.568652087161851328e-05
-1.568652087161309227e-05
-4.859797161577052854e-06
2.555590203004529798e-06
2.897488579644592888e-07
-8.327099623068253149e-07
1.232426870964630244e-06
-2.471076572177998126e-06
4.657003985475936803e-06
-4.859797161573149726e-06
-2.467527787222700830e-06
2.846982682940890977e-05
4.933928730393880111e-05
2.846982682941975179e-05
-2.467527787238747022e-06
-4.859797161580522301e-06
4.657003985478972569e-06
-2.471076572174257628e-06
1.265185906329185684e-06
-2.471076572163361396e-06
6.849297636651288830e-06
-1.568652087161504383e-05
2.846982682940023615e-05
-2.691833297156255578e-05
-1.334721848191454873e-04
-1.334721848191616420e-04
-2.691833297155865265e-05
2.846982682941433078e-05
-1.568652087161721224e-05
6.849297636643048894e-06
-2.471076572190358030e-06
-8.283200350666118518e-07
4.657003985462817956e-06
-1.568652087162631954e-05
4.933928730394270424e-05
-1.334721848191420179e-04
3.163116283585462943e-04
5.797912320216940321e-04
3.163116283585601721e-04
-1.334721848191615335e-04
4.933928730392600753e-05
-1.568652087161038176e-05
4.657003985474852600e-06
-8.497250289437115304e-07
2.897488579592551183e-07
-4.859797161579221259e-06
2.846982682941931811e-05
-1.334721848191534020e-04
5.797912320216931648e-04
-3.707408462772614210e-03
-3.707408462772580383e-03
5.797912320216975016e-04
-1.334721848191759534e-04
2.846982682940045299e-05
-4.859797161558838258e-06
2.897488579336679471e-07
-8.094435432540441483e-07
2.555590203000843511e-06
-2.467527787239180703e-06
-2.691833297155952001e-05
3.163116283585610394e-04
-3.707408462772583853e-03
-8.467151898696582968e-02
-3.707408462772666252e-03
3.163116283585844582e-04
-2.691833297157513252e-05
-2.467527787253492172e-06
2.555590203057547284e-06
-8.094435432540441483e-07
2.897488579564361927e-07
-4.859797161580088620e-06
2.846982682940522348e-05
-1.334721848191548115e-04
5.797912320216905627e-04
-3.707408462772664517e-03
-3.707408462772661915e-03
5.797912320217018384e-04
-1.334721848191735682e-04
2.846982682939242990e-05
-4.859797161561440343e-06
2.897488579421247240e-07
-8.497250289372331047e-07
4.657003985468781068e-06
-1.568652087161938064e-05
4.933928730392730857e-05
-1.334721848191798566e-04
3.163116283585844582e-04
5.797912320217027057e-04
3.163116283585809888e-04
-1.334721848191764955e-04
4.933928730392882645e-05
-1.568652087162122379e-05
4.657003985481140973e-06
-8.283200350602966918e-07
-2.471076572181196522e-06
6.849297636644349936e-06
-1.568652087162339219e-05
2.846982682940348876e-05
-2.691833297156992835e-05
-1.334721848191703156e-04
-1.334721848191730261e-04
-2.691833297157383148e-05
2.846982682939958563e-05
-1.568652087162577743e-05
6.849297636638495244e-06
-2.471076572185587541e-06
1.265185906329185684e-06
-2.471076572186021222e-06
4.657003985469214749e-06
-4.859797161553200406e-06
-2.467527787253492172e-06
2.846982682939589934e-05
4.933928730392644121e-05
2.846982682939828459e-05
-2.467527787264767875e-06
-4.859797161566210832e-06
4.657003985472901036e-06
-2.471076572170571341e-06
1.232426870964630244e-06
-8.327099623127435341e-07
2.897488579492804583e-07
2.555590203060691470e-06
-4.859797161563175066e-06
-1.568652087162209115e-05
-1.568652087162534375e-05
-4.859797161561440343e-06
2.555590203040308470e-06
2.897488579547014692e-07
-8.220081911750443241e-07
-8.094435432549115100e-07
2.897488579453773305e-07
4.657003985474852600e-06
6.849297636638928925e-06
4.657003985460541132e-06
2.897488579570867140e-07
-8.094435432549115100e-07
-8.453351016896205971e-07
-2.471076572174962360e-06
-2.471076572177076554e-06
-8.560368728356863750e-07
1.303842224827558788e-06
