-3.863522174628451029e-18 -2.070566591183471155e-18 4.936191366813304178e-07
2.171543252671202871e-05 -2.508460577579890350e-05 4.517493284474111170e-07
1.896056591694256655e-04 1.501147473081192694e-04 4.273578283981141068e-07
2.317930463615015466e-04 -6.900204784123734753e-05 4.073651801558110883e-07
1.073040959589888404e-05 3.095641514364278976e-05 4.461017704053644709e-07
3.889020144638637316e-19 4.106176033456059594e-19 -7.156567367954293407e-20
-7.684366045350703861e-06 1.187136095300234595e-05 -4.711267235348489573e-08
-2.499333548856739421e-04 -1.103440622616429570e-04 -3.275589891650932213e-07
-4.726311580114694096e-04 -9.097052763224448705e-05 3.207822314226921361e-07
-2.730818574375815989e-04 9.717700104670433034e-06 -3.289935360739715978e-07
-2.712397245397801110e-06 -1.387986522709684471e-05 -4.989337713100271109e-08
-4.722040502770277137e-18 1.670985943275897064e-18 -7.160094478878319586e-20
-2.085221323785726560e-05 2.408745706451637699e-05 -4.337916509493888571e-07
1.063062405147234752e-05 -9.284560286401937618e-06 4.989337713118901863e-08
-9.437178203580069528e-05 -8.173658922483385998e-05 4.611880978560901594e-09
2.241237305923250364e-04 1.302373952856402187e-04 8.608774433963474739e-07
8.322919708766828451e-04 2.608103564561768499e-04 7.839229090341028289e-07
8.696798153972871721e-04 6.673816157864824461e-05 7.811422042570360851e-07
2.564629994684550999e-04 -3.776175098512291745e-05 8.975273449913053868e-07
-1.179852147485573998e-04 4.089106360088891768e-05 -4.611880978559166996e-09
6.451727611838818308e-06 1.255925604093550974e-05 4.711267235328261367e-08
-1.057015017155417280e-05 -3.049407889947352931e-05 -4.394392089914356090e-07
-3.905708133548318662e-19 -6.065096468265202729e-19 -4.665821343136016122e-07
1.756205033738196530e-04 1.662411438598501625e-04 -4.073651801557935124e-07
-1.449229076442261821e-04 -2.316403949366221135e-04 3.289935360747799849e-07
1.609339988886014303e-04 2.032216626743077730e-04 -8.975273449921057271e-07
8.628981952856504614e-05 7.475425705091289993e-05 -3.321011819579785355e-09
-1.147875342758309823e-03 -5.835942640137550819e-04 -5.511101426010841744e-07
-2.099749151678110756e-03 -4.040953791512963368e-04 3.506462639491367635e-08
-1.282539598832406480e-03 1.158624654166782834e-04 -5.603339045578614205e-07
1.078973236335557459e-04 -3.738306574470415949e-05 3.321011819562510515e-09
2.248514470831620288e-04 -1.289775007293572379e-04 -8.608774433959335924e-07
-2.205410621202456216e-04 1.613070880699034402e-04 3.275589891646071832e-07
2.248197135250288464e-04 -8.917668063773698250e-05 -4.273578283978041986e-07
-4.009525434099705614e-19 -6.226312289158352503e-19 -4.789843149204602717e-07
-3.516753278552534404e-05 2.392558042378403445e-04 -4.273578283978048339e-07
-1.575319792179214091e-04 -4.547942990476949287e-04 -3.207822314225087535e-07
3.770082772542419913e-04 7.865353111892712818e-04 -7.811422042563987987e-07
-7.415751560688242736e-04 -1.052780426543384719e-03 5.603339045582059512e-07
7.718595770272555778e-04 6.684577310760424912e-04 -1.832495079787935823e-08
4.119610741836235782e-03 1.645719826553906397e-03 5.024415348126076726e-07
4.436210049598853129e-03 8.372658989851816669e-07 4.996608300343791172e-07
9.648343051706087525e-04 -3.342191419266073681e-04 1.832495079768679059e-08
-1.079361343959639886e-03 7.023199212237256350e-04 5.511101426007429260e-07
6.420291375727276394e-04 -5.904094216160832645e-04 -7.839229090347541973e-07
-3.150991787935547225e-04 3.638237714154604705e-04 -3.207822314225079594e-07
5.612602141759717202e-05 -2.352075679930585651e-04 -4.073651801557957358e-07
3.152675418589760123e-05 6.060904312166511683e-06 -4.371225486363275369e-07
-2.943881433549368903e-05 -2.716155266235337966e-04 3.275589891646059656e-07
1.903093548740342894e-04 8.511841543642330397e-04 -7.839229090347536679e-07
-6.999141052970450031e-04 -2.020476891512335959e-03 -3.506462639520031759e-08
2.217341743381207562e-03 3.842278134140935959e-03 -4.996608300349036423e-07
-5.996875647334327236e-03 -5.193477152642561080e-03 7.172734548431158193e-10
-1.233846555561451085e-02 -2.374516828178383637e-03 -2.834639813722441852e-06
-7.496158346151013396e-03 2.596723823755106228e-03 -7.172734546824357786e-10
3.485063577848048540e-03 -2.744846229164787845e-03 -5.024415348121008293e-07
-1.399835046381064235e-03 1.616381512361044718e-03 -3.506462639519843824e-08
4.926250165729756381e-04 -7.197615259026276212e-04 -7.811422042564010221e-07
-1.281124282232657622e-04 2.413224713332935527e-04 3.289935360747809378e-07
3.234145134610778047e-05 6.217526890637859965e-06 -4.484184307603791577e-07
-1.408957208711629321e-05 -7.235187959788325768e-07 4.711267235328534006e-08
-7.277164908068515375e-07 2.592148960149592927e-04 -8.608774433959312630e-07
-6.856052036879412351e-05 -1.285878561529454510e-03 5.511101426007431378e-07
6.345936855582734806e-04 4.390530432010714655e-03 -5.024415348120963823e-07
-4.112819689706528198e-03 -1.187264245411119405e-02 2.834639813722626082e-06
3.505666375937734752e-02 3.035988504406303412e-02 9.996324121160022603e-09
4.382091918192287938e-02 -1.517995952414194320e-02 -9.996324120997195408e-09
-8.225645865907951423e-03 9.498125625932800006e-03 2.834639813722626505e-06
2.218821784647510755e-03 -3.841405244533920883e-03 -4.996608300349027953e-07
-5.409179211934979185e-04 1.168607268252071707e-03 5.603339045582074335e-07
9.552900057986689689e-05 -2.409834136594449748e-04 -8.975273449921057271e-07
-1.338954286694794479e-05 -4.559681232669892358e-06 4.989337713118981272e-08
5.919170496697703273e-19 -5.157387097236228724e-18 -7.160082990258701864e-20
2.356691114266802568e-05 -1.225920291177105565e-04 -4.611880978558544129e-09
-2.156098253491486871e-05 1.121016990875984415e-04 3.321011819561909155e-09
-1.929747281433594631e-04 1.002676873002651160e-03 1.832495079768714131e-08
1.499236177246589512e-03 -7.790165352689664736e-03 -7.172734546827602402e-10
-8.764208900975409625e-03 4.553980894449699557e-02 -9.996324120996715643e-09
-3.843281149406375015e-19 -9.648028107220302110e-20 2.332193731827779839e-19
8.764208900975413094e-03 -4.553980894449701639e-02 9.996324121159718200e-09
-1.499236177246587778e-03 7.790165352689648257e-03 7.172734548437256582e-10
1.929747281433570778e-04 -1.002676873002639885e-03 -1.832495079787921265e-08
2.156098253492571074e-05 -1.121016990876439780e-04 -3.321011819578973891e-09
-2.356691114266829673e-05 1.225920291177049187e-04 4.611880978560747738e-09
5.919170496697703273e-19 -5.157387097236228724e-18 -7.160082990258701864e-20
1.338954286692409235e-05 4.559681232668482895e-06 -4.989337713099998470e-08
-9.552900057988793041e-05 2.409834136594529979e-04 8.975273449913080338e-07
5.409179211934974849e-04 -1.168607268252086669e-03 -5.603339045578608911e-07
-2.218821784647522465e-03 3.841405244533933894e-03 4.996608300343835641e-07
8.225645865907973975e-03 -9.498125625932779190e-03 -2.834639813722441852e-06
-4.382091918192290714e-02 1.517995952414194667e-02 9.996324121160108630e-09
-3.505666375937739609e-02 -3.035988504406307922e-02 -9.996324120996935673e-09
4.112819689706526463e-03 1.187264245411115068e-02 -2.834639813722441005e-06
-6.345936855582860574e-04 -4.390530432010679093e-03 5.024415348126060844e-07
6.856052036877634259e-05 1.285878561529433259e-03 -5.511101426010857626e-07
7.277164908248492936e-07 -2.592148960149688337e-04 8.608774433963489562e-07
1.408957208710675223e-05 7.235187959712431616e-07 -4.711267235348567659e-08
-3.234145134610953552e-05 -6.217526890643734985e-06 4.484184307604724372e-07
1.281124282232762790e-04 -2.413224713332627613e-04 -3.289935360739719154e-07
-4.926250165729621940e-04 7.197615259025955288e-04 7.811422042570366145e-07
1.399835046381070090e-03 -1.616381512361043417e-03 3.506462639491190288e-08
-3.485063577848036831e-03 2.744846229164774401e-03 5.024415348126074608e-07
7.496158346150997784e-03 -2.596723823755097988e-03 7.172734548433925113e-10
1.233846555561446748e-02 2.374516828178394046e-03 2.834639813722625658e-06
5.996875647334330706e-03 5.193477152642568019e-03 -7.172734546820881559e-10
-2.217341743381224910e-03 -3.842278134140938994e-03 4.996608300343792231e-07
6.999141052970296074e-04 2.020476891512332489e-03 3.506462639491505278e-08
-1.903093548740047991e-04 -8.511841543642310881e-04 7.839229090341025113e-07
2.943881433548436490e-05 2.716155266235433918e-04 -3.275589891650923743e-07
-3.152675418589931562e-05 -6.060904312172237626e-06 4.371225486364184871e-07
-5.612602141759023312e-05 2.352075679930628748e-04 4.073651801558106648e-07
3.150991787935484342e-04 -3.638237714154654578e-04 3.207822314226921891e-07
-6.420291375727462876e-04 5.904094216161027801e-04 7.839229090341054759e-07
1.079361343959623840e-03 -7.023199212237147930e-04 -5.511101426010855509e-07
-9.648343051706009463e-04 3.342191419266034649e-04 -1.832495079787898766e-08
-4.436210049598818435e-03 -8.372658989986257738e-07 -4.996608300349019483e-07
-4.119610741836237516e-03 -1.645719826553926346e-03 -5.024415348120963823e-07
-7.718595770272443021e-04 -6.684577310760329502e-04 1.832495079768722072e-08
7.415751560688114800e-04 1.052780426543388189e-03 -5.603339045578607852e-07
-3.770082772542246441e-04 -7.865353111892647766e-04 7.811422042570346028e-07
1.575319792179227102e-04 4.547942990476942782e-04 3.207822314226939361e-07
3.516753278551255045e-05 -2.392558042378404529e-04 4.273578283981141068e-07
-3.748976456700258222e-18 -2.009178426191755669e-18 4.789843149206152787e-07
-2.248197135250234796e-04 8.917668063774001827e-05 4.273578283981152715e-07
2.205410621202775513e-04 -1.613070880698966097e-04 -3.275589891650943331e-07
-2.248514470831559572e-04 1.289775007293338192e-04 8.608774433963469445e-07
-1.078973236335986803e-04 3.738306574471760360e-05 -3.321011819579727866e-09
1.282539598832379592e-03 -1.158624654166899928e-04 5.603339045582080687e-07
2.099749151678106853e-03 4.040953791512832179e-04 -3.506462639520156167e-08
1.147875342758312208e-03 5.835942640137455409e-04 5.511101426007433496e-07
-8.628981952858152601e-05 -7.475425705093154821e-05 3.321011819562699112e-09
-1.609339988885934072e-04 -2.032216626743146577e-04 8.975273449913063398e-07
1.449229076442279168e-04 2.316403949366248240e-04 -3.289935360739717566e-07
-1.756205033738116299e-04 -1.662411438598508130e-04 4.073651801558086531e-07
-3.651905463645759844e-18 -1.957155441436666254e-18 4.665821343137526488e-07
1.057015017154524169e-05 3.049407889947288217e-05 4.394392089915272474e-07
-6.451727611837734105e-06 -1.255925604095936218e-05 -4.711267235348527954e-08
1.179852147485528462e-04 -4.089106360088523139e-05 4.611880978561335863e-09
-2.564629994684644240e-04 3.776175098513831312e-05 -8.975273449921075270e-07
-8.696798153972776311e-04 -6.673816157862569320e-05 -7.811422042563980575e-07
-8.322919708766728705e-04 -2.608103564561586353e-04 -7.839229090347518679e-07
-2.241237305923311079e-04 -1.302373952856311114e-04 -8.608774433959326395e-07
9.437178203578551645e-05 8.173658922482540320e-05 -4.611880978558690540e-09
-1.063062405147776853e-05 9.284560286403672341e-06 -4.989337713100253903e-08
2.085221323785768912e-05 -2.408745706451531651e-05 4.337916509494789602e-07
-4.722040502770277137e-18 1.670985943275897064e-18 -7.160094478878319586e-20
2.712397245391946418e-06 1.387986522708405113e-05 4.989337713119014360e-08
2.730818574375940130e-04 -9.717700104675095103e-06 3.289935360747795084e-07
4.726311580114702770e-04 9.097052763224454126e-05 -3.207822314225087005e-07
2.499333548856782789e-04 1.103440622616427402e-04 3.275589891646068656e-07
7.684366045357642755e-06 -1.187136095300462277e-05 4.711267235328592240e-08
3.889020144638637316e-19 4.106176033456059594e-19 -7.156567367954293407e-20
-1.073040959590795068e-05 -3.095641514364344706e-05 -4.461017704052714561e-07
-2.317930463615010045e-04 6.900204784122628866e-05 -4.073651801557943594e-07
-1.896056591694289181e-04 -1.501147473081108127e-04 -4.273578283978032457e-07
-2.171543252671158825e-05 2.508460577580000803e-05 -4.517493284473172022e-07
-4.132031930127301412e-19 -6.416550189941146211e-19 -4.936191366811706463e-07
