0.000000000000000000e+00 0.000000000000000000e+00 1.345013450134501243e+00
5.713142455229837380e-03 4.000040000400003661e-03 1.341013410134101358e+00
1.142628491045967476e-02 9.000090000900009754e-03 1.337013370133701251e+00
1.713942736568951214e-02 1.300013000130001255e-02 1.333013330133301366e+00
2.285256982091934952e-02 1.800018000180001951e-02 1.328013280132801288e+00
2.856571227614918343e-02 2.300023000230002473e-02 1.323013230132301432e+00
3.427885473137902428e-02 2.800028000280002649e-02 1.318013180131801354e+00
3.999199718660886166e-02 3.300033000330003519e-02 1.313013130131301276e+00
4.570513964183869904e-02 3.800038000380003694e-02 1.308013080130801198e+00
5.141828209706852948e-02 4.300043000430004564e-02 1.302013020130201371e+00
5.713142455229836686e-02 4.800048000480004740e-02 1.297012970129701293e+00
6.284456700752820424e-02 5.300053000530005609e-02 1.292012920129201214e+00
6.855770946275804856e-02 5.900059000590005681e-02 1.287012870128701358e+00
7.427085191798787900e-02 6.400064000640005857e-02 1.281012810128101309e+00
7.998399437321772332e-02 6.900069000690006726e-02 1.276012760127601231e+00
8.569713682844755376e-02 7.400074000740007596e-02 1.271012710127101375e+00
9.141027928367739808e-02 7.900079000790008465e-02 1.266012660126601297e+00
9.712342173890722852e-02 8.500085000850007844e-02 1.261012610126101219e+00
1.028365641941370590e-01 9.100091000910008610e-02 1.255012550125501170e+00
1.085497066493669033e-01 9.500095000950009583e-02 1.250012500125001313e+00
1.142628491045967337e-01 1.000010000100001045e-01 1.245012450124501235e+00
1.199759915596323306e-01 1.060010600106001122e-01 1.240012400124001157e+00
1.256891340146679137e-01 1.100011000110001080e-01 1.236012360123601272e+00
1.314022764697035106e-01 1.150011500115001167e-01 1.231012310123101194e+00
1.371154189247390798e-01 1.200012000120001254e-01 1.226012260122601116e+00
1.428285613797746767e-01 1.240012400124001213e-01 1.221012210122101260e+00
1.485417038350045349e-01 1.290012900129001161e-01 1.217012170121701153e+00
1.542548462902343376e-01 1.330013300133001397e-01 1.212012120121201297e+00
1.599679887454641958e-01 1.370013700137001356e-01 1.208012080120801190e+00
1.656811312006940262e-01 1.410014100141001314e-01 1.204012040120401306e+00
1.713942736559238844e-01 1.450014500145001550e-01 1.201012010120101170e+00
1.771074161111536871e-01 1.490014900149001509e-01 1.198011980119801256e+00
1.828205585663835453e-01 1.530015300153001467e-01 1.194011940119401149e+00
1.885337010216133757e-01 1.570015700157001703e-01 1.191011910119101236e+00
1.942468434768432339e-01 1.610016100161001662e-01 1.189011890118901293e+00
1.999599859320730366e-01 1.640016400164001631e-01 1.186011860118601158e+00
2.056731283873028671e-01 1.680016800168001589e-01 1.183011830118301244e+00
2.113862708425326975e-01 1.710017100171001836e-01 1.181011810118101080e+00
2.170994132977625557e-01 1.740017400174001805e-01 1.180011800118001108e+00
2.228125557529923861e-01 1.770017700177001774e-01 1.177011770117701195e+00
2.285256982082222443e-01 1.800018000180001743e-01 1.179011790117901137e+00
2.342388406634521025e-01 1.830018300183001712e-01 1.178011780117801166e+00
2.399519831186819052e-01 1.860018600186001958e-01 1.176011760117601224e+00
2.456651255739117634e-01 1.890018900189001927e-01 1.175011750117501252e+00
2.513782680291416494e-01 1.910019100191001906e-01 1.176011760117601224e+00
2.570914104843714520e-01 1.930019300193001885e-01 1.174011740117401281e+00
2.628045529396012547e-01 1.960019600196001854e-01 1.176011760117601224e+00
2.685176953948311129e-01 1.980019800198002111e-01 1.181011810118101080e+00
2.742308378500609711e-01 2.000020000200002090e-01 1.177011770117701195e+00
2.799439803052907738e-01 2.020020200202002070e-01 1.178011780117801166e+00
2.856571227605206320e-01 2.040020400204002049e-01 1.179011790117901137e+00
2.913702652157504347e-01 2.050020500205002039e-01 1.181011810118101080e+00
2.970834076709802374e-01 2.070020700207002018e-01 1.184011840118401215e+00
3.027965501262100956e-01 2.080020800208002008e-01 1.185011850118501187e+00
3.085096925814399538e-01 2.100021000210001987e-01 1.187011870118701129e+00
3.142228350366698120e-01 2.110021100211001976e-01 1.190011900119001265e+00
3.199359774918996147e-01 2.110021100211001976e-01 1.192011920119201207e+00
3.256491199471294173e-01 2.120021200212002244e-01 1.199011990119901228e+00
3.313622624023592755e-01 2.130021300213002233e-01 1.201012010120101170e+00
3.370754048575891337e-01 2.140021400214002223e-01 1.206012060120601248e+00
