1.145941789757415137e+02
1.144251427782536297e+02
1.141555343824910267e+02
1.138016817828439287e+02
1.133832152062989138e+02
1.129207608674928451e+02
1.124339306180579712e+02
1.119398748835896811e+02
1.114524806760712607e+02
1.109821474413371618e+02
1.105359903639502619e+02
1.101183006436034333e+02
1.097311146315925470e+02
1.093747851370317790e+02
1.090484910590824512e+02
1.087506562643578860e+02
1.084792723843534787e+02
1.082321339226372743e+02
1.080070002784348588e+02
1.078017006945627543e+02
1.076141968891371334e+02
1.074426157230279415e+02
1.072852615887674546e+02
1.071406157517888573e+02
1.070073278264738548e+02
1.068842029656645281e+02
1.067701871434456535e+02
1.066643520474388822e+02
1.065658804944975202e+02
1.064740528762163336e+02
1.063882348737560619e+02
1.063078665130935150e+02
1.062324525307161025e+02
1.061615539634694727e+02
1.060947808489237900e+02
1.060317859133914737e+02
1.059722591263040670e+02
1.059159230072491482e+02
1.058625285825110325e+02
1.058118518995451609e+02
1.057636910193284479e+02
1.057178634173286724e+02
1.056742037336286586e+02
1.056325618214141286e+02
1.055928010505887755e+02
1.055547968297912433e+02
1.055184353156534058e+02
1.054836122828670142e+02
1.054502321326312710e+02
1.054182070204318791e+02
1.053874560869575703e+02
1.053579047783595115e+02
1.053294842440864869e+02
1.053021308022383806e+02
1.052757854638197870e+02
1.052503935084986750e+02
1.052259041055051085e+02
1.052022699741821299e+02
1.051794470794460352e+02
1.051573943580454937e+02
1.051360734720529564e+02
1.051154485864826285e+02
1.050954861683267154e+02
1.050761548046449860e+02
1.050574250376312904e+02
1.050392692148411982e+02
1.050216613529770768e+02
1.050045770138221570e+02
1.049879931910782034e+02
1.049718882070041275e+02
1.049562416178806501e+02
1.049410341274331699e+02
1.049262475074431080e+02
1.049118645248598369e+02
1.048978688748014889e+02
1.048842451188967431e+02
1.048709786284767347e+02
1.048580555321791365e+02
1.048454626675678725e+02
1.048331875364157497e+02
1.048212182633294560e+02
1.048095435574291940e+02
1.047981526768232072e+02
1.047870353956422349e+02
1.047761819734211599e+02
1.047655831266352777e+02
1.047552300022159244e+02
1.047451141528875382e+02
1.047352275141807638e+02
1.047255623829908870e+02
1.047161113975613347e+02
1.047068675187829854e+02
1.046978240127099866e+02
1.046889744341997783e+02
1.046803126115948288e+02
1.046718326323690178e+02
1.046635288296686070e+02
1.046553957696835226e+02
1.046474282397893631e+02
1.046396212374068995e+02
