1.163497832266636038e+02
1.161798904994655857e+02
1.159089078410565605e+02
1.155532363172151378e+02
1.151325961442401820e+02
1.146677110202491718e+02
1.141782888983076845e+02
1.136815678035030999e+02
1.131915091251025416e+02
1.127185712090123673e+02
1.122699125018771156e+02
1.118498531617173484e+02
1.114604463897511266e+02
1.111020522548675018e+02
1.107738497826595108e+02
1.104742579998816439e+02
1.102012605078041787e+02
1.099526419603659662e+02
1.097261510910406628e+02
1.095196063570536893e+02
1.093309590263008459e+02
1.091583261198784953e+02
1.090000029472741119e+02
1.088544625057052713e+02
1.087203469567070471e+02
1.085964547808152503e+02
1.084817260056696142e+02
1.083752270342454551e+02
1.082761359938892554e+02
1.081837291167592099e+02
1.080973683935714149e+02
1.080164905729767355e+02
1.079405974770357517e+02
1.078692475464808354e+02
1.078020485018343919e+02
1.077386509970818764e+02
1.076787431441107117e+02
1.076220457937136672e+02
1.075683084695190388e+02
1.075173058628350873e+02
1.074688348079522484e+02
1.074227116682933598e+02
1.073787700736406947e+02
1.073368589573808976e+02
1.072968408503020754e+02
1.072585903940197198e+02
1.072219930427017971e+02
1.071869439265163777e+02
1.071533468542489089e+02
1.071211134359360813e+02
1.070901623092307489e+02
1.070604184556255518e+02
1.070318125947037231e+02
1.070042806462993923e+02
1.069777632519043067e+02
1.069522053478793993e+02
1.069275557840733200e+02
1.069037669823260188e+02
1.068807946300880900e+02
1.068585974050222944e+02
1.068371367269981249e+02
1.068163765343573033e+02
1.067962830817258748e+02
1.067768247569921698e+02
1.067579719153654452e+02
1.067396967286850753e+02
1.067219730483699323e+02
1.067047762805899822e+02
1.066880832724065158e+02
1.066718722077739443e+02
1.066561225124202679e+02
1.066408147667346356e+02
1.066259306258868378e+02
1.066114527464873163e+02
1.065973647191719209e+02
1.065836510065599896e+02
1.065702968860932174e+02
1.065572883973121350e+02
1.065446122931751347e+02
1.065322559950606802e+02
1.065202075511340496e+02
1.065084555977866501e+02
1.064969893238884708e+02
1.064857984376150455e+02
1.064748731356371820e+02
1.064642040744780758e+02
1.064537823438624713e+02
1.064435994418981863e+02
1.064336472519444357e+02
1.064239180210348366e+02
1.064144043397346167e+02
1.064050991233216479e+02
1.063959955941916746e+02
1.063870872653947970e+02
1.063783679252201466e+02
1.063698316227511498e+02
1.063614726543211901e+02
1.063532855508045571e+02
1.063452650656835203e+02
1.063374061638363486e+02
