0.000000000000000000e+00 0.000000000000000000e+00 1.387013870138701366e+00
4.250053940809120009e-03 2.000020000200001830e-03 1.387013870138701366e+00
8.500107881618240019e-03 5.000050000500005226e-03 1.387013870138701366e+00
1.275016182242736176e-02 8.000080000800007321e-03 1.386013860138601395e+00
1.700021576323648004e-02 1.100011000110001115e-02 1.386013860138601395e+00
2.125026970404560178e-02 1.400014000140001325e-02 1.385013850138501423e+00
2.550032364485472353e-02 1.700017000170001708e-02 1.384013840138401452e+00
2.975037758566384180e-02 2.000020000200002090e-02 1.382013820138201288e+00
3.400043152647296008e-02 2.300023000230002473e-02 1.381013810138101316e+00
3.825048546728208182e-02 2.600026000260002509e-02 1.379013790137901374e+00
4.250053940809120356e-02 2.900029000290002892e-02 1.378013780137801403e+00
4.675059334890032531e-02 3.200032000320002928e-02 1.376013760137601460e+00
5.100064728970944705e-02 3.500035000350003311e-02 1.374013740137401296e+00
5.525070123051856186e-02 3.700037000370003798e-02 1.372013720137201354e+00
5.950075517132768360e-02 4.000040000400004181e-02 1.370013700137001411e+00
6.375080911213680535e-02 4.300043000430004564e-02 1.368013680136801469e+00
6.800086305294592015e-02 4.600046000460004947e-02 1.365013650136501333e+00
7.225091699375504883e-02 4.800048000480004740e-02 1.363013630136301391e+00
7.650097093456416364e-02 5.100051000510005123e-02 1.361013610136101448e+00
8.075102487537329232e-02 5.400054000540005505e-02 1.358013580135801313e+00
8.500107881618240713e-02 5.700057000570005888e-02 1.356013560135601370e+00
8.925113275684701253e-02 5.900059000590005681e-02 1.353013530135301457e+00
9.350118669751163181e-02 6.200062000620006064e-02 1.351013510135101292e+00
9.775124063817626496e-02 6.400064000640005857e-02 1.348013480134801378e+00
1.020012945788408565e-01 6.700067000670006934e-02 1.345013450134501243e+00
1.062513485195054896e-01 7.000070000700006623e-02 1.343013430134301300e+00
1.105014024603146183e-01 7.200072000720007803e-02 1.340013400134001387e+00
1.147514564011237193e-01 7.500075000750007492e-02 1.337013370133701251e+00
1.190015103419328479e-01 7.700077000770007285e-02 1.335013350133501309e+00
1.232515642827419627e-01 8.000080000800008362e-02 1.333013330133301366e+00
1.275016182235510775e-01 8.200082000820008155e-02 1.331013310133101424e+00
1.317516721643602062e-01 8.500085000850007844e-02 1.329013290132901259e+00
1.360017261051693349e-01 8.700087000870009024e-02 1.327013270132701317e+00
1.402517800459784358e-01 8.900089000890008817e-02 1.325013250132501375e+00
1.445018339867875923e-01 9.200092000920009894e-02 1.323013230132301432e+00
1.487518879275966932e-01 9.400094000940009686e-02 1.322013220132201239e+00
1.530019418684058219e-01 9.600096000960009479e-02 1.320013200132001296e+00
1.572519958092149506e-01 9.800098000980009272e-02 1.319013190131901325e+00
1.615020497500240515e-01 1.010010100101001035e-01 1.318013180131801354e+00
1.657521036908331524e-01 1.030010300103001014e-01 1.317013170131701383e+00
1.700021576316423089e-01 1.050010500105000993e-01 1.316013160131601412e+00
1.742522115724514375e-01 1.070010700107001111e-01 1.315013150131501218e+00
1.785022655132605385e-01 1.090010900109001091e-01 1.315013150131501218e+00
1.827523194540696394e-01 1.110011100111001070e-01 1.314013140131401247e+00
1.870023733948788236e-01 1.120011200112001060e-01 1.314013140131401247e+00
1.912524273356878968e-01 1.140011400114001178e-01 1.313013130131301276e+00
1.955024812764970255e-01 1.160011600116001157e-01 1.313013130131301276e+00
1.997525352173061264e-01 1.180011800118001136e-01 1.313013130131301276e+00
2.040025891581152828e-01 1.200012000120001254e-01 1.313013130131301276e+00
2.082526430989243837e-01 1.210012100121001244e-01 1.313013130131301276e+00
2.125026970397335124e-01 1.230012300123001223e-01 1.313013130131301276e+00
2.167527509805426134e-01 1.240012400124001213e-01 1.313013130131301276e+00
2.210028049213517420e-01 1.260012600126001192e-01 1.313013130131301276e+00
2.252528588621608707e-01 1.270012700127001182e-01 1.313013130131301276e+00
2.295029128029699717e-01 1.290012900129001161e-01 1.314013140131401247e+00
2.337529667437791003e-01 1.300013000130001428e-01 1.314013140131401247e+00
2.380030206845882013e-01 1.320013200132001407e-01 1.314013140131401247e+00
2.422530746253973299e-01 1.330013300133001397e-01 1.315013150131501218e+00
2.465031285662064586e-01 1.340013400134001387e-01 1.315013150131501218e+00
2.507531825070155596e-01 1.350013500135001376e-01 1.316013160131601412e+00
2.550032364478246882e-01 1.370013700137001356e-01 1.316013160131601412e+00
2.592532903884892659e-01 1.380013800138001345e-01 1.317013170131701383e+00
2.635033443291539546e-01 1.390013900139001335e-01 1.317013170131701383e+00
2.677533982698185322e-01 1.400014000140001325e-01 1.317013170131701383e+00
2.720034522104831654e-01 1.410014100141001314e-01 1.318013180131801354e+00
2.762535061511477985e-01 1.420014200142001304e-01 1.318013180131801354e+00
2.805035600919568717e-01 1.430014300143001293e-01 1.319013190131901325e+00
2.847536140327660004e-01 1.430014300143001293e-01 1.319013190131901325e+00
2.890036679735751846e-01 1.440014400144001561e-01 1.319013190131901325e+00
2.932537219143842577e-01 1.450014500145001550e-01 1.320013200132001296e+00
2.975037758551933864e-01 1.460014600146001540e-01 1.320013200132001296e+00
3.017538297960025151e-01 1.460014600146001540e-01 1.321013210132101268e+00
3.060038837368116438e-01 1.470014700147001530e-01 1.320013200132001296e+00
3.102539376776207725e-01 1.480014800148001519e-01 1.320013200132001296e+00
3.145039916184299011e-01 1.480014800148001519e-01 1.321013210132101268e+00
3.187540455592389743e-01 1.480014800148001519e-01 1.321013210132101268e+00
3.230040995000481030e-01 1.490014900149001509e-01 1.321013210132101268e+00
3.272541534408572317e-01 1.490014900149001509e-01 1.321013210132101268e+00
3.315042073816663604e-01 1.500015000150001498e-01 1.321013210132101268e+00
3.357542613224754890e-01 1.500015000150001498e-01 1.321013210132101268e+00
