0.000000000000000000e+00 0.000000000000000000e+00 1.375013750137501267e+00
4.274225492404530764e-03 2.000020000200001830e-03 1.375013750137501267e+00
8.548450984809061529e-03 4.000040000400003661e-03 1.375013750137501267e+00
1.282267647721359143e-02 7.000070000700006623e-03 1.374013740137401296e+00
1.709690196961812306e-02 9.000090000900009754e-03 1.373013730137301325e+00
2.137112746202265295e-02 1.100011000110001115e-02 1.372013720137201354e+00
2.564535295442718285e-02 1.400014000140001325e-02 1.371013710137101382e+00
2.991957844683171275e-02 1.600016000160001464e-02 1.370013700137001411e+00
3.419380393923624611e-02 1.800018000180001951e-02 1.368013680136801469e+00
3.846802943164077254e-02 2.100021000210001987e-02 1.366013660136601304e+00
4.274225492404530591e-02 2.300023000230002473e-02 1.365013650136501333e+00
4.701648041644983927e-02 2.500025000250002613e-02 1.363013630136301391e+00
5.129070590885436570e-02 2.800028000280002649e-02 1.361013610136101448e+00
5.556493140125889213e-02 3.000030000300003136e-02 1.359013590135901284e+00
5.983915689366342550e-02 3.200032000320002928e-02 1.356013560135601370e+00
6.411338238606795192e-02 3.400034000340003415e-02 1.354013540135401428e+00
6.838760787847249223e-02 3.700037000370003798e-02 1.352013520135201263e+00
7.266183337087700478e-02 3.900039000390003591e-02 1.350013500135001321e+00
7.693605886328154508e-02 4.100041000410004077e-02 1.348013480134801378e+00
8.121028435568607151e-02 4.300043000430004564e-02 1.345013450134501243e+00
8.548450984809061182e-02 4.500045000450004357e-02 1.343013430134301300e+00
8.975873534034982393e-02 4.700047000470004843e-02 1.341013410134101358e+00
9.403296083260902216e-02 4.900049000490004636e-02 1.338013380133801444e+00
9.830718632486822040e-02 5.100051000510005123e-02 1.336013360133601280e+00
1.025814118171274186e-01 5.400054000540005505e-02 1.334013340133401337e+00
1.068556373093866307e-01 5.600056000560005298e-02 1.332013320133201395e+00
1.111298628017911710e-01 5.800058000580005785e-02 1.330013300133001231e+00
1.154040882941956836e-01 5.900059000590005681e-02 1.328013280132801288e+00
1.196783137866002239e-01 6.100061000610006168e-02 1.326013260132601346e+00
1.239525392790047503e-01 6.300063000630005960e-02 1.324013240132401403e+00
1.282267647714092906e-01 6.500065000650007141e-02 1.323013230132301432e+00
1.325009902638137893e-01 6.700067000670006934e-02 1.321013210132101268e+00
1.367752157562183435e-01 6.900069000690006726e-02 1.320013200132001296e+00
1.410494412486228699e-01 7.000070000700006623e-02 1.319013190131901325e+00
1.453236667410273963e-01 7.200072000720007803e-02 1.317013170131701383e+00
1.495978922334319228e-01 7.400074000740007596e-02 1.316013160131601412e+00
1.538721177258364770e-01 7.500075000750007492e-02 1.315013150131501218e+00
1.581463432182409756e-01 7.700077000770007285e-02 1.315013150131501218e+00
1.624205687106455298e-01 7.900079000790008465e-02 1.315013150131501218e+00
1.666947942030500562e-01 8.000080000800008362e-02 1.314013140131401247e+00
1.709690196954545827e-01 8.200082000820008155e-02 1.314013140131401247e+00
1.752432451878591368e-01 8.300083000830008051e-02 1.315013150131501218e+00
1.795174706802636633e-01 8.400084000840007947e-02 1.313013130131301276e+00
1.837916961726681897e-01 8.600086000860009128e-02 1.313013130131301276e+00
1.880659216650727161e-01 8.700087000870009024e-02 1.314013140131401247e+00
1.923401471574772426e-01 8.800088000880008920e-02 1.314013140131401247e+00
1.966143726498817690e-01 9.000090000900008713e-02 1.314013140131401247e+00
2.008885981422863232e-01 9.100091000910008610e-02 1.314013140131401247e+00
2.051628236346908496e-01 9.200092000920009894e-02 1.315013150131501218e+00
2.094370491270953760e-01 9.300093000930009790e-02 1.316013160131601412e+00
2.137112746194999024e-01 9.400094000940009686e-02 1.316013160131601412e+00
2.179855001119044289e-01 9.500095000950009583e-02 1.317013170131701383e+00
2.222597256043089553e-01 9.600096000960009479e-02 1.318013180131801354e+00
2.265339510967135095e-01 9.700097000970009375e-02 1.318013180131801354e+00
2.308081765891180082e-01 9.800098000980009272e-02 1.320013200132001296e+00
2.350824020815225346e-01 9.900099000990010556e-02 1.320013200132001296e+00
2.393566275739270610e-01 1.000010000100001045e-01 1.320013200132001296e+00
2.436308530663315874e-01 1.010010100101001035e-01 1.321013210132101268e+00
2.479050785587361416e-01 1.020010200102001025e-01 1.322013220132201239e+00
2.521793040511406958e-01 1.020010200102001025e-01 1.323013230132301432e+00
2.564535295435451667e-01 1.030010300103001014e-01 1.324013240132401403e+00
2.607277550358043650e-01 1.040010400104001004e-01 1.324013240132401403e+00
2.650019805280636187e-01 1.040010400104001004e-01 1.325013250132501375e+00
2.692762060203228169e-01 1.050010500105000993e-01 1.325013250132501375e+00
2.735504315125820152e-01 1.050010500105000993e-01 1.327013270132701317e+00
2.778246570048412134e-01 1.060010600106001122e-01 1.326013260132601346e+00
2.820988824972457398e-01 1.060010600106001122e-01 1.326013260132601346e+00
2.863731079896502663e-01 1.070010700107001111e-01 1.327013270132701317e+00
2.906473334820547927e-01 1.070010700107001111e-01 1.327013270132701317e+00
2.949215589744593191e-01 1.080010800108001101e-01 1.326013260132601346e+00
2.991957844668638455e-01 1.080010800108001101e-01 1.327013270132701317e+00
3.034700099592684275e-01 1.080010800108001101e-01 1.327013270132701317e+00
3.077442354516729539e-01 1.090010900109001091e-01 1.327013270132701317e+00
3.120184609440774803e-01 1.090010900109001091e-01 1.328013280132801288e+00
3.162926864364820068e-01 1.090010900109001091e-01 1.327013270132701317e+00
3.205669119288865332e-01 1.090010900109001091e-01 1.327013270132701317e+00
3.248411374212910596e-01 1.100011000110001080e-01 1.327013270132701317e+00
3.291153629136955860e-01 1.100011000110001080e-01 1.326013260132601346e+00
3.333895884061001680e-01 1.100011000110001080e-01 1.327013270132701317e+00
3.376638138985046944e-01 1.100011000110001080e-01 1.326013260132601346e+00
