0.000000000000000000e+00 0.000000000000000000e+00 3.619725772906576822e+01
4.274225492404530764e-03 3.805960853950804412e-02 1.055805938346550761e+02
8.548450984809061529e-03 6.244535712552673479e-02 1.666282988046849596e+02
1.282267647721359143e-02 8.537927354469659891e-02 2.172499178118723080e+02
1.709690196961812306e-02 1.064518069068495082e-01 2.591959139808264467e+02
2.137112746202265295e-02 1.254356114644564202e-01 2.941079498609356051e+02
2.564535295442718285e-02 1.422299361652398231e-01 3.243625864435445010e+02
2.991957844683171275e-02 1.568927339051922054e-01 3.526296964111022589e+02
3.419380393923624611e-02 1.696238651763106731e-01 3.796002451587814903e+02
3.846802943164077254e-02 1.807010402530353499e-01 4.056705058048304409e+02
4.274225492404530591e-02 1.903858938615226315e-01 4.309259081228163950e+02
4.701648041644983927e-02 1.989651156638758689e-01 4.557462756152983729e+02
5.129070590885436570e-02 2.066778930004390391e-01 4.808608695643169995e+02
5.556493140125889213e-02 2.136591270093359529e-01 5.062279625724670495e+02
5.983915689366342550e-02 2.200152157153502375e-01 5.312399915786280644e+02
6.411338238606795192e-02 2.258247625689642768e-01 5.557749780409704954e+02
6.838760787847249223e-02 2.311531292310115560e-01 5.797327326968968464e+02
7.266183337087700478e-02 2.360126669608411665e-01 6.035284059685507145e+02
7.693605886328154508e-02 2.404171251841154544e-01 6.274510803182756717e+02
8.121028435568607151e-02 2.444247996793240119e-01 6.515193809882463256e+02
8.548450984809061182e-02 2.480660850666711048e-01 6.759623347384018643e+02
8.975873534034982393e-02 2.513516230899024984e-01 7.006621645038608222e+02
9.403296083260902216e-02 2.543157550043772530e-01 7.259589351982042444e+02
9.830718632486822040e-02 2.570020364967001703e-01 7.524016571538061271e+02
1.025814118171274186e-01 2.594367271125984087e-01 7.795550667037887251e+02
1.068556373093866307e-01 2.616150962706013106e-01 8.067589644119111654e+02
1.111298628017911710e-01 2.635463804004096744e-01 8.338961524158306702e+02
1.154040882941956836e-01 2.652640023358266985e-01 8.602244435821556863e+02
1.196783137866002239e-01 2.667889290978431860e-01 8.854710349032900467e+02
1.239525392790047503e-01 2.681276194965369619e-01 9.104417129485644864e+02
1.282267647714092906e-01 2.692825154167655111e-01 9.364927923788121689e+02
1.325009902638137893e-01 2.702406792704381555e-01 9.648570927356089442e+02
1.367752157562183435e-01 2.710195544938756029e-01 9.949642045105674697e+02
1.410494412486228699e-01 2.716430110246794705e-01 1.025454479187503466e+03
1.453236667410273963e-01 2.721167617078806833e-01 1.055982643009352614e+03
1.495978922334319228e-01 2.724389266018875655e-01 1.086449419191226752e+03
1.538721177258364770e-01 2.726224640383153597e-01 1.116778978940218167e+03
1.581463432182409756e-01 2.727161492082488259e-01 1.147239201637908081e+03
1.624205687106455298e-01 2.727664291496312843e-01 1.178048057860545441e+03
1.666947942030500562e-01 2.727906291495266755e-01 1.209290352027467179e+03
1.709690196954545827e-01 2.727863803433340784e-01 1.240885329995306847e+03
1.752432451878591368e-01 2.727429751147829595e-01 1.272265960063857619e+03
1.795174706802636633e-01 2.726312917129943836e-01 1.303296837138713954e+03
1.837916961726681897e-01 2.724288919304079237e-01 1.334327714213570971e+03
1.880659216650727161e-01 2.721222175108738983e-01 1.365358591288427760e+03
1.923401471574772426e-01 2.717079173262311742e-01 1.396881658428327228e+03
1.966143726498817690e-01 2.712042989271040150e-01 1.429703340582636429e+03
2.008885981422863232e-01 2.706050423961955942e-01 1.464684069558192277e+03
2.051628236346908496e-01 2.698909425048501287e-01 1.501879684049826210e+03
2.094370491270953760e-01 2.690651592117159208e-01 1.540540883284837946e+03
2.137112746194999024e-01 2.681417848249527669e-01 1.579378652322359812e+03
2.179855001119044289e-01 2.671222175108739494e-01 1.617077404076773746e+03
2.222597256043089553e-01 2.659950244316864332e-01 1.653960923439092312e+03
2.265339510967135095e-01 2.647593079093586432e-01 1.691318330660097672e+03
2.308081765891180082e-01 2.634247932966011785e-01 1.730320119779316656e+03
2.350824020815225346e-01 2.620108769915824309e-01 1.771078879620506996e+03
2.393566275739270610e-01 2.605447277833335407e-01 1.813957324223168598e+03
2.436308530663315874e-01 2.590475038623579751e-01 1.859404634183720873e+03
2.479050785587361416e-01 2.575322817095273553e-01 1.906976433638861863e+03
2.521793040511406958e-01 2.560138995980483223e-01 1.955483744613563204e+03
2.564535295435451667e-01 2.545075051198966709e-01 2.003467918323661934e+03
2.607277550358043650e-01 2.530270724339754862e-01 2.049737007305753650e+03
2.650019805280636187e-01 2.515840343780779143e-01 2.093447796955048489e+03
2.692762060203228169e-01 2.501750398240425444e-01 2.134990219103139680e+03
2.735504315125820152e-01 2.487822817095273198e-01 2.175651762537984723e+03
2.778246570048412134e-01 2.473752401173397730e-01 2.217982969719560060e+03
2.820988824972457398e-01 2.459136697775773372e-01 2.263474560275383283e+03
2.863731079896502663e-01 2.443626630740738936e-01 2.312036542644716519e+03
2.906473334820547927e-01 2.426960670450863389e-01 2.363383885468349945e+03
2.949215589744593191e-01 2.408990434174080320e-01 2.417221031674592268e+03
2.991957844668638455e-01 2.389583975609108624e-01 2.473368199312353681e+03
3.034700099592684275e-01 2.368861171089222117e-01 2.531910500609758401e+03
3.077442354516729539e-01 2.347181985251522995e-01 2.593492224236550101e+03
3.120184609440774803e-01 2.324888764809762143e-01 2.658041394395650514e+03
3.162926864364820068e-01 2.302383962462965783e-01 2.724486956385570011e+03
3.205669119288865332e-01 2.279979506830965841e-01 2.791504954428977726e+03
3.248411374212910596e-01 2.257755033517517274e-01 2.857286135543804903e+03
3.291153629136955860e-01 2.235772560203022064e-01 2.920155822143433852e+03
3.333895884061001680e-01 2.214070415921874924e-01 2.979926357822582304e+03
3.376638138985046944e-01 2.192548253959278326e-01 3.036698798922341666e+03
