0.000000000000000000e+00 9.809997994174368685e-03 2.972535974091070066e-01
8.619447079107309811e-03 2.950295029502941757e-02 8.395316972684588874e-01
1.723889415821461962e-02 4.938690470172019120e-02 1.245072251323864343e+00
2.585834123732192943e-02 6.950695069506945822e-02 1.481595903689100657e+00
3.447778831642923925e-02 8.981799879425422795e-02 1.581382010250390602e+00
4.309723539553654559e-02 1.100110011001098620e-01 1.596850668072431922e+00
5.171668247464385887e-02 1.302040034059656071e-01 1.580158015801579996e+00
6.033612955375116521e-02 1.508970557168217708e-01 1.563465363530727625e+00
6.895557663285847849e-02 1.722082038260075443e-01 1.546845667572382066e+00
7.757502371196579871e-02 1.940194019401938752e-01 1.530344017407365698e+00
8.619447079107309118e-02 2.160216021602159864e-01 1.514151415141514079e+00
9.481391787018041140e-02 2.378328002744023451e-01 1.498340817087333576e+00
1.034333649492877177e-01 2.591439483835882296e-01 1.483030269038153603e+00
1.120528120283950380e-01 2.798370006944442823e-01 1.468337816787303574e+00
1.206722591075023304e-01 3.000300030003000273e-01 1.454145414541453851e+00
1.292917061866096506e-01 3.200320032003199922e-01 1.440335016507275245e+00
1.379111532657169570e-01 3.400340034003399570e-01 1.427024668478097391e+00
1.465306003448242633e-01 3.600360036003599218e-01 1.414141414141413922e+00
1.551500474239315974e-01 3.800380038003799421e-01 1.401449161910565788e+00
1.637694945030388760e-01 4.000400040004000179e-01 1.388829865992224022e+00
1.723889415821461824e-01 4.200420042004200383e-01 1.376328615867211669e+00
1.810083886609604453e-01 4.400440044004399476e-01 1.364136413641364065e+00
1.896278357397746805e-01 4.600460046004600234e-01 1.352135213521352242e+00
1.982472828185889435e-01 4.800480048004800993e-01 1.340325015507175532e+00
2.068667298974031510e-01 5.000500050004998975e-01 1.328823865392164016e+00
2.154861769762174140e-01 5.200520052005199734e-01 1.317631763176317916e+00
2.241056240553247481e-01 5.400540054005399382e-01 1.306821665172142266e+00
2.327250711344320266e-01 5.600560056005599030e-01 1.296511617172967590e+00
2.413445182135393607e-01 5.800580058005799788e-01 1.286819664972122190e+00
2.499639652926466393e-01 6.000600060005999437e-01 1.277627762776277542e+00
2.585834123717539734e-01 6.198710040947843503e-01 1.268817864792104233e+00
2.672028594508612520e-01 6.391819521839681162e-01 1.260317014707095229e+00
2.758223065299685861e-01 6.578748044748221613e-01 1.252316214627087199e+00
2.844417536090759202e-01 6.760676067606758988e-01 1.245006466657915478e+00
2.930612006881831988e-01 6.940694069406938560e-01 1.238505816592908815e+00
3.016806477672904774e-01 7.120712071207118132e-01 1.233005266537903433e+00
3.103000948463978115e-01 7.300730073007298815e-01 1.228313814387063330e+00
3.189195419255051456e-01 7.480748074807479497e-01 1.224122412241223756e+00
3.275389890046124797e-01 7.658856055549301267e-01 1.220313014307055521e+00
3.361584360837197583e-01 7.831963536241122181e-01 1.216812664272052036e+00
3.447778831628270924e-01 7.998890058949644777e-01 1.213621362136213522e+00
3.533973302419344265e-01 8.160816081608159855e-01 1.210812064212045902e+00
3.620167773210417050e-01 8.320832083208318242e-01 1.208502816292879256e+00
3.706362244001489836e-01 8.480848084808481069e-01 1.207002666277877889e+00
3.792556714792563732e-01 8.640864086408639455e-01 1.206502616272877138e+00
3.878751185583637073e-01 8.800880088008800062e-01 1.206811664172041887e+00
3.964945656374709304e-01 8.957076047492245063e-01 1.207620762076207388e+00
4.051140127165782090e-01 9.101360985817328331e-01 1.208620862086208225e+00
4.137334597956855986e-01 9.230193529184165246e-01 1.209429959990373504e+00
4.223529068747928772e-01 9.345934593459344075e-01 1.209930009995374034e+00
