0.000000000000000000e+00 9.774745219731562074e-02 1.202379048406021411e+01
8.619447079107309811e-03 2.860679632061529087e-01 3.518243293494649038e+01
1.723889415821461962e-02 4.553259458983249797e-01 5.595430176042125936e+01
2.585834123732192943e-02 5.986767225764486611e-01 7.372829008491217451e+01
3.447778831642923925e-02 7.141362811750278095e-01 8.906622104087009006e+01
4.309723539553654559e-02 8.015869595672956427e-01 1.027091632308872136e+02
5.171668247464385887e-02 8.664587820904028348e-01 1.155339823141121656e+02
6.033612955375116521e-02 9.173756522243674549e-01 1.282324966086223981e+02
6.895557663285847849e-02 9.589451984024611741e-01 1.407995994075051271e+02
7.757502371196579871e-02 9.937509574253151623e-01 1.532680205755786460e+02
8.619447079107309118e-02 1.023323609302240644e+00 1.656928170927215547e+02
9.481391787018041140e-02 1.048675199849557593e+00 1.781241063579189188e+02
1.034333649492877177e-01 1.070192296170927371e+00 1.906349240157945815e+02
1.120528120283950380e-01 1.088327498914677616e+00 2.032399705517130997e+02
1.206722591075023304e-01 1.103986009377461830e+00 2.158794436673368295e+02
1.292917061866096506e-01 1.117900150791603098e+00 2.285090591210201012e+02
1.379111532657169570e-01 1.130349645741097975e+00 2.411455952163698271e+02
1.465306003448242633e-01 1.141054771641950571e+00 2.539107221827993044e+02
1.551500474239315974e-01 1.149842650429829138e+00 2.668836711829056867e+02
1.637694945030388760e-01 1.156993004688730675e+00 2.800373398126425286e+02
1.723889415821461824e-01 1.162851590547316682e+00 2.933353697065062988e+02
1.810083886609604453e-01 1.167977853173579383e+00 3.066740628508016471e+02
1.896278357397746805e-01 1.172931237735511445e+00 3.199310928943336876e+02
1.982472828185889435e-01 1.177777777777777590e+00 3.331058306610503905e+02
2.068667298974031510e-01 1.182624317820043958e+00 3.461739526910541827e+02
2.154861769762174140e-01 1.187297979797979686e+00 3.591988439603550205e+02
2.241056240553247481e-01 1.191412196607922525e+00 3.723043272374385992e+02
2.327250711344320266e-01 1.195073812769539057e+00 3.854668555530219578e+02
2.413445182135393607e-01 1.198282828282827950e+00 3.986973571630654760e+02
2.499639652926466393e-01 1.200932398628124842e+00 4.120405461438272141e+02
2.585834123717539734e-01 1.203129368325094317e+00 4.254846619692393688e+02
2.672028594508612520e-01 1.204873737373736819e+00 4.390509418784109812e+02
2.758223065299685861e-01 1.206058661254387321e+00 4.527889081819563444e+02
2.844417536090759202e-01 1.207070707070706961e+00 4.665560952043250609e+02
2.930612006881831988e-01 1.208362475471022490e+00 4.801620972553698721e+02
3.016806477672904774e-01 1.210559445167992410e+00 4.933417086610087381e+02
3.103000948463978115e-01 1.214221061329608498e+00 5.058596962579709952e+02
3.189195419255051456e-01 1.219347323955870976e+00 5.176903879957783374e+02
3.275389890046124797e-01 1.225938233046780290e+00 5.288015750898775877e+02
3.361584360837197583e-01 1.233993788602335773e+00 5.391605781556263537e+02
3.447778831628270924e-01 1.243513990622537868e+00 5.487407059408903933e+02
3.533973302419344265e-01 1.254498839107386132e+00 5.575256300640157860e+02
3.620167773210417050e-01 1.267228056640877343e+00 5.653861394618049871e+02
3.706362244001489836e-01 1.281874521287341917e+00 5.722438765092936137e+02
3.792556714792563732e-01 1.298158510462783966e+00 5.782231704281975908e+02
3.878751185583637073e-01 1.315734268038541321e+00 5.834841792915815404e+02
3.964945656374709304e-01 1.334042348846622428e+00 5.880478053450186735e+02
4.051140127165782090e-01 1.352523307719033951e+00 5.917941583687352249e+02
4.137334597956855986e-01 1.370831388527114392e+00 5.947551387602075010e+02
4.223529068747928772e-01 1.388686868686868525e+00 5.972345780034702329e+02
