0.000000000000000000e+00 0.000000000000000000e+00 0.000000000000000000e+00
8.373062945991903427e-03 2.000200020002000298e-02 1.600160016001600072e+00
1.674612589198380685e-02 4.000400040004000596e-02 1.590159015901590145e+00
2.511918883797571028e-02 6.000600060006000547e-02 1.570157015701570069e+00
3.349225178396761371e-02 7.000700070007000175e-02 1.560156015601560142e+00
4.186531472995951714e-02 9.000900090009000820e-02 1.540154015401540066e+00
5.023837767595142056e-02 1.100110011001100146e-01 1.530153015301530139e+00
5.861144062194332399e-02 1.300130013001300211e-01 1.510151015101510064e+00
6.698450356793522742e-02 1.400140014001400035e-01 1.500150015001500137e+00
7.535756651392713779e-02 1.600160016001600238e-01 1.480148014801480061e+00
8.373062945991903427e-02 1.800180018001800164e-01 1.470147014701470134e+00
9.210369240591093076e-02 1.900190019001900266e-01 1.450145014501450058e+00
1.004767553519028411e-01 2.100210021002100191e-01 1.440144014401440131e+00
1.088498182978947515e-01 2.200220022002200293e-01 1.420142014201420055e+00
1.172228812438866480e-01 2.400240024002400219e-01 1.410141014101410128e+00
1.255959441898785445e-01 2.500250025002500043e-01 1.400140014001400202e+00
1.339690071358704548e-01 2.700270027002700246e-01 1.380138013801380126e+00
1.423420700818623652e-01 2.800280028002800070e-01 1.370137013701370199e+00
1.507151330278542756e-01 3.000300030003000273e-01 1.360136013601360050e+00
1.590881959738461859e-01 3.100310031003100097e-01 1.340134013401340196e+00
1.674612589198380685e-01 3.300330033003300301e-01 1.330133013301330047e+00
1.758343218655452900e-01 3.400340034003400125e-01 1.320132013201320120e+00
1.842073848112525114e-01 3.500350035003500504e-01 1.310131013101310193e+00
1.925804477569597328e-01 3.700370037003700152e-01 1.300130013001300044e+00
2.009535107026669265e-01 3.800380038003800531e-01 1.290129012901290118e+00
2.093265736483741202e-01 3.900390039003900355e-01 1.280128012801280191e+00
2.176996365943660861e-01 4.000400040004000179e-01 1.270127012701270042e+00
2.260726995403579687e-01 4.100410041004100559e-01 1.260126012601260115e+00
2.344457624863498790e-01 4.200420042004200383e-01 1.250125012501250188e+00
2.428188254323417616e-01 4.300430043004300207e-01 1.240124012401240039e+00
2.511918883783336720e-01 4.400440044004400586e-01 1.240124012401240039e+00
2.595649513243256101e-01 4.500450045004500410e-01 1.230123012301230112e+00
2.679380142703174927e-01 4.600460046004600234e-01 1.220122012201220185e+00
2.763110772163093753e-01 4.700470047004700613e-01 1.220122012201220185e+00
2.846841401623013135e-01 4.800480048004800437e-01 1.220122012201220185e+00
2.930572031082931961e-01 5.000500050005000086e-01 1.210121012101210036e+00
3.014302660542851342e-01 5.100510051005100465e-01 1.210121012101210036e+00
3.098033290002770168e-01 5.200520052005200844e-01 1.210121012101210036e+00
3.181763919462688994e-01 5.300530053005300113e-01 1.200120012001200109e+00
3.265494548922607820e-01 5.400540054005400492e-01 1.200120012001200109e+00
3.349225178382527202e-01 5.500550055005500871e-01 1.200120012001200109e+00
3.432955807842446583e-01 5.600560056005600140e-01 1.200120012001200109e+00
3.516686437302365409e-01 5.700570057005700519e-01 1.200120012001200109e+00
3.600417066762284235e-01 5.800580058005800899e-01 1.200120012001200109e+00
3.684147696222203616e-01 5.900590059005900168e-01 1.210121012101210036e+00
3.767878325682122442e-01 6.000600060006000547e-01 1.210121012101210036e+00
3.851608955142041268e-01 6.100610061006100926e-01 1.210121012101210036e+00
3.935339584601960095e-01 6.200620062006200195e-01 1.220122012201220185e+00
4.019070214061880031e-01 6.300630063006300574e-01 1.220122012201220185e+00
4.102800843521798857e-01 6.400640064006400953e-01 1.230123012301230112e+00
