0.000000000000000000e+00 5.998717767550421076e-02 1.910482657305664134e+01
8.373062945991903427e-03 1.760213777236728783e-01 5.573698575294167767e+01
1.674612589198380685e-02 2.814603946840582571e-01 8.817834155476163005e+01
2.511918883797571028e-02 3.722975876742404822e-01 1.153697811202920320e+02
3.349225178396761371e-02 4.470267678467149119e-01 1.382875643663797973e+02
4.186531472995951714e-02 5.048639833870566251e-01 1.583485194250267796e+02
5.023837767595142056e-02 5.482847431334585409e-01 1.772389340491791927e+02
5.861144062194332399e-02 5.820784563399928890e-01 1.962352654464614261e+02
6.698450356793522742e-02 6.092812604556180345e-01 2.152484482450745986e+02
7.535756651392713779e-02 6.318104025933075629e-01 2.342031338676641781e+02
8.373062945991903427e-02 6.508508066337117537e-01 2.530875945643206251e+02
9.210369240591093076e-02 6.672416403288190523e-01 2.719178306069623545e+02
1.004767553519028411e-01 6.814355043269567647e-01 2.907701753855245101e+02
1.088498182978947515e-01 6.938849992764517527e-01 3.096122104304179175e+02
1.172228812438866480e-01 7.045901251773040164e-01 3.285894901615402546e+02
1.255959441898785445e-01 7.133780039651825833e-01 3.479163750246904101e+02
1.339690071358704548e-01 7.205283582240843421e-01 3.675852426904241383e+02
1.423420700818623652e-01 7.263869440826702384e-01 3.875607870160008588e+02
1.507151330278542756e-01 7.309537615409402722e-01 4.079442694268203127e+02
1.590881959738461859e-01 7.341627770542293874e-01 4.288477417703469428e+02
1.674612589198380685e-01 7.361868686868686673e-01 4.502622194234381823e+02
1.758343218655452900e-01 7.373717925675189466e-01 4.720705306568865467e+02
1.842073848112525114e-01 7.381041157998422531e-01 4.941142261546713144e+02
1.925804477569597328e-01 7.383838383838383645e-01 5.164106616870610651e+02
2.009535107026669265e-01 7.383838383838383645e-01 5.388632991512311037e+02
2.093265736483741202e-01 7.383838383838383645e-01 5.613159366155243788e+02
2.176996365943660861e-01 7.381041157998420310e-01 5.840289106328573325e+02
2.260726995403579687e-01 7.370920699835225021e-01 6.074321324793961594e+02
2.344457624863498790e-01 7.351748228705490273e-01 6.317092179914329790e+02
2.428188254323417616e-01 7.325252525252524682e-01 6.567273525567952674e+02
2.511918883783336720e-01 7.293162370119633531e-01 6.823952584722104575e+02
2.595649513243256101e-01 7.256546208503469320e-01 7.087070962967675314e+02
2.679380142703174927e-01 7.218201266244002046e-01 7.354464950033650439e+02
2.763110772163093753e-01 7.178787878787877830e-01 7.626176474804098007e+02
2.846841401623013135e-01 7.136577265491790278e-01 7.904531265348348370e+02
2.930572031082931961e-01 7.090909090909089940e-01 8.189860184050494354e+02
3.014302660542851342e-01 7.045240916326388492e-01 8.477769483895402800e+02
3.098033290002770168e-01 7.003030303030300940e-01 8.764759865903138234e+02
3.181763919462688994e-01 6.963616915574176724e-01 9.052177912599042884e+02
3.265494548922607820e-01 6.925271973314708340e-01 9.341772398512741802e+02
3.349225178382527202e-01 6.885858585858584124e-01 9.636466576420120873e+02
3.432955807842446583e-01 6.843647972562496573e-01 9.939253790080445015e+02
3.516686437302365409e-01 6.797979797979796235e-01 1.025062605592648197e+03
3.600417066762284235e-01 6.752311623397095897e-01 1.056490163827482775e+03
3.684147696222203616e-01 6.712898235940971681e-01 1.087230110380303358e+03
3.767878325682122442e-01 6.683605306648042754e-01 1.116607304848473632e+03
3.851608955142041268e-01 6.664432835518306897e-01 1.144031272105595235e+03
3.935339584601960095e-01 6.654312377355112718e-01 1.168818986303924930e+03
4.019070214061880031e-01 6.651515151515149382e-01 1.190921958521148781e+03
4.102800843521798857e-01 6.651515151515150492e-01 1.211337691955124683e+03
